10.184343 9961472 0
9.974850 9961472 0
9.869058 9961472 0
11.729174 9961472 0
2.542134 9961472 0
2.460842 9961472 0
2.685043 9961472 0
3.061363 9961472 0
2.566089 9961472 0
2.911598 9961472 0
3.641158 9961472 0
3.396712 9961472 0
2.574127 9961472 0
2.728280 9961472 0
2.891737 9961472 0
3.935706 9961472 0
2.542374 9961472 0
2.475260 9961472 0
2.586394 9961472 0
3.422109 9961472 0
2.494667 9961472 0
2.435329 9961472 0
2.430215 9961472 0
3.596496 9961472 0
2.530801 9961472 0
2.573229 9961472 0
2.845046 9961472 0
3.719744 9961472 0
9.164257 9961472 0
8.998537 9961472 0
9.423611 9961472 0
10.313368 9961472 0
2.594580 9961472 0
2.940804 9961472 0
2.871464 9961472 0
3.696041 9961472 0
2.523215 9961472 0
2.411616 9961472 0
2.569403 9961472 0
3.100205 9961472 0
2.616810 9961472 0
2.748770 9961472 0
2.505480 9961472 0
2.803590 9961472 0
2.886391 9961472 0
2.634326 9961472 0
2.702406 9961472 0
3.675119 9961472 0
2.565657 9961472 0
2.535390 9961472 0
2.526465 9961472 0
3.409384 9961472 0
2.828095 9961472 0
2.679713 9961472 0
3.027183 9961472 0
2.692916 9961472 0
9.710443 9961472 0
9.641266 9961472 0
9.473840 9961472 0
9.013055 9961472 0
2.546459 9961472 0
2.778749 9961472 0
2.748173 9961472 0
2.640670 9961472 0
2.940653 9961472 0
2.836413 9961472 0
2.648784 9961472 0
3.503001 9961472 0
2.595873 9961472 0
2.974953 9961472 0
2.602996 9961472 0
3.295456 9961472 0
2.692770 9961472 0
2.528361 9961472 0
2.532363 9961472 0
3.507234 9961472 0
3.016144 9961472 0
2.561947 9961472 0
3.220009 9961472 0
3.788514 9961472 0
2.659403 9961472 0
2.539985 9961472 0
2.567807 9961472 0
2.791982 9961472 0
8.069411 9961472 0
7.861443 9961472 0
7.643072 9961472 0
8.784685 9961472 0
2.660430 9961472 0
2.545757 9961472 0
2.875878 9961472 0
3.210718 9961472 0
2.671792 9961472 0
2.458144 9961472 0
3.472409 9961472 0
3.702163 9961472 0
2.473391 9961472 0
2.523975 9961472 0
2.514952 9961472 0
2.566419 9961472 0
2.643198 9961472 0
2.656578 9961472 0
2.701251 9961472 0
2.513808 9961472 0
2.582891 9961472 0
2.537995 9961472 0
2.450887 9961472 0
3.571211 9961472 0
2.472862 9961472 0
2.474855 9961472 0
2.562117 9961472 0
3.266487 9961472 0
13.169241 9961472 0
12.983916 9961472 0
12.915421 9961472 0
12.845307 9961472 0
2.633237 9961472 0
2.564688 9961472 0
2.529164 9961472 0
3.698884 9961472 0
2.485167 9961472 0
2.501516 9961472 0
3.128981 9961472 0
2.670313 9961472 0
2.568966 9961472 0
2.585568 9961472 0
2.794559 9961472 0
3.777109 9961472 0
2.577735 9961472 0
2.690709 9961472 0
3.667907 9961472 0
3.836648 9961472 0
2.757877 9961472 0
2.544122 9961472 0
2.496201 9961472 0
3.484308 9961472 0
2.577873 9961472 0
2.464337 9961472 0
3.464718 9961472 0
3.683816 9961472 0
12.308210 9961472 0
12.006951 9961472 0
11.909600 9961472 0
12.903482 9961472 0
2.494819 9961472 0
2.650159 9961472 0
2.470204 9961472 0
3.173590 9961472 0
2.614621 9961472 0
2.588323 9961472 0
2.864402 9961472 0
3.641762 9961472 0
2.623364 9961472 0
2.471716 9961472 0
2.440294 9961472 0
3.256233 9961472 0
2.527466 9961472 0
2.865284 9961472 0
2.811956 9961472 0
3.121085 9961472 0
2.922263 9961472 0
2.867571 9961472 0
2.768451 9961472 0
3.325129 9961472 0
2.808052 9961472 0
2.707891 9961472 0
2.599258 9961472 0
3.555338 9961472 0
9.273867 9961472 0
9.020382 9961472 0
8.639137 9961472 0
8.515829 9961472 0
2.646273 9961472 0
2.593987 9961472 0
2.571541 9961472 0
2.723009 9961472 0
2.609340 9961472 0
2.582105 9961472 0
2.617204 9961472 0
2.769000 9961472 0
2.693010 9961472 0
2.739846 9961472 0
2.766371 9961472 0
2.643722 9961472 0
2.620927 9961472 0
2.523515 9961472 0
2.574516 9961472 0
2.605719 9961472 0
2.521603 9961472 0
2.532410 9961472 0
2.845179 9961472 0
3.449725 9961472 0
2.762080 9961472 0
3.168064 9961472 0
2.934074 9961472 0
2.838402 9961472 0
2.616736 9961472 0
2.704883 9961472 0
2.636158 9961472 0
3.391233 9961472 0
2.583324 9961472 0
2.502498 9961472 0
3.652783 9961472 0
3.186186 9961472 0
2.609021 9961472 0
2.536659 9961472 0
2.531816 9961472 0
2.534611 9961472 0
2.467793 9961472 0
2.573831 9961472 0
3.236436 9961472 0
3.714176 9961472 0
2.578646 9961472 0
2.550873 9961472 0
2.628056 9961472 0
3.230968 9961472 0
2.672981 9961472 0
2.650539 9961472 0
3.294475 9961472 0
3.651544 9961472 0
9.908974 9961472 0
9.547086 9961472 0
9.825971 9961472 0
10.799552 9961472 0
2.716390 9961472 0
2.836320 9961472 0
2.659460 9961472 0
3.274489 9961472 0
2.621465 9961472 0
2.555336 9961472 0
2.468450 9961472 0
2.483294 9961472 0
2.623624 9961472 0
2.875671 9961472 0
2.543427 9961472 0
3.186553 9961472 0
2.631864 9961472 0
2.512161 9961472 0
2.413927 9961472 0
2.418414 9961472 0
2.759526 9961472 0
2.588933 9961472 0
2.492077 9961472 0
3.709059 9961472 0
2.482195 9961472 0
2.676572 9961472 0
2.547612 9961472 0
3.657667 9961472 0
7.700638 9961472 0
7.468953 9961472 0
7.222611 9961472 0
8.248951 9961472 0
2.473316 9961472 0
3.663549 9961472 0
3.716870 9961472 0
3.572405 9961472 0
2.549862 9961472 0
2.657710 9961472 0
3.259049 9961472 0
3.475029 9961472 0
2.701123 9961472 0
2.497395 9961472 0
2.642996 9961472 0
3.217477 9961472 0
2.685185 9961472 0
2.594123 9961472 0
2.547212 9961472 0
3.712457 9961472 0
2.684882 9961472 0
3.211735 9961472 0
3.676202 9961472 0
3.602358 9961472 0
2.500125 9961472 0
3.231700 9961472 0
2.830092 9961472 0
3.679445 9961472 0
14.199458 9961472 0
13.830648 9961472 0
14.105080 9961472 0
13.702868 9961472 0
2.557266 9961472 0
2.604300 9961472 0
3.012760 9961472 0
2.706776 9961472 0
2.448799 9961472 0
2.578872 9961472 0
2.520460 9961472 0
3.505929 9961472 0
2.444993 9961472 0
2.506650 9961472 0
3.649325 9961472 0
3.485951 9961472 0
2.626021 9961472 0
2.562691 9961472 0
3.542678 9961472 0
3.717581 9961472 0
2.589984 9961472 0
2.458313 9961472 0
2.554559 9961472 0
3.484829 9961472 0
2.630391 9961472 0
2.919256 9961472 0
2.651176 9961472 0
2.601402 9961472 0
8.958997 9961472 0
8.946274 9961472 0
8.616682 9961472 0
8.825285 9961472 0
2.520253 9961472 0
2.611823 9961472 0
2.601945 9961472 0
2.528338 9961472 0
2.769879 9961472 0
2.634888 9961472 0
2.620263 9961472 0
2.584629 9961472 0
2.530301 9961472 0
2.725199 9961472 0
2.556992 9961472 0
3.691844 9961472 0
2.620900 9961472 0
2.600922 9961472 0
2.572601 9961472 0
3.636931 9961472 0
2.473336 9961472 0
2.679955 9961472 0
2.486389 9961472 0
3.221374 9961472 0
2.464031 9961472 0
2.489495 9961472 0
2.587689 9961472 0
3.700721 9961472 0
2.469630 9961472 0
2.732916 9961472 0
2.582327 9961472 0
2.526153 9961472 0
2.520507 9961472 0
2.539493 9961472 0
2.529689 9961472 0
3.718192 9961472 0
2.797688 9961472 0
2.674217 9961472 0
2.490244 9961472 0
3.587090 9961472 0
2.573837 9961472 0
2.707050 9961472 0
3.819882 9961472 0
3.669256 9961472 0
2.645391 9961472 0
2.621713 9961472 0
2.672518 9961472 0
3.573074 9961472 0
2.510196 9961472 0
2.904140 9961472 0
2.653984 9961472 0
3.566463 9961472 0
2.655039 9961472 0
2.575976 9961472 0
2.519491 9961472 0
2.687231 9961472 0
2.589804 9961472 0
2.754364 9961472 0
2.691707 9961472 0
3.738187 9961472 0
10.451165 9961472 0
10.215687 9961472 0
10.301444 9961472 0
10.235053 9961472 0
2.549391 9961472 0
2.800255 9961472 0
2.607104 9961472 0
2.644775 9961472 0
2.635648 9961472 0
2.510183 9961472 0
3.290593 9961472 0
3.577945 9961472 0
2.539924 9961472 0
2.609386 9961472 0
2.539930 9961472 0
3.596135 9961472 0
2.688315 9961472 0
2.658820 9961472 0
2.556868 9961472 0
3.556727 9961472 0
2.581756 9961472 0
2.825788 9961472 0
2.635856 9961472 0
3.818083 9961472 0
2.605371 9961472 0
2.673028 9961472 0
3.692687 9961472 0
3.596769 9961472 0
2.643429 9961472 0
2.624288 9961472 0
2.584018 9961472 0
3.744190 9961472 0
8.739591 9961472 0
8.479352 9961472 0
8.690415 9961472 0
8.471864 9961472 0
2.653032 9961472 0
2.613126 9961472 0
2.576951 9961472 0
3.600637 9961472 0
2.833737 9961472 0
3.247795 9961472 0
3.752343 9961472 0
3.888543 9961472 0
2.646381 9961472 0
2.654727 9961472 0
3.302748 9961472 0
3.724936 9961472 0
2.820107 9961472 0
2.661930 9961472 0
3.339542 9961472 0
3.800520 9961472 0
2.642887 9961472 0
2.649141 9961472 0
3.589790 9961472 0
3.698644 9961472 0
2.570663 9961472 0
2.592930 9961472 0
2.524593 9961472 0
3.736764 9961472 0
2.743692 9961472 0
2.613938 9961472 0
2.569874 9961472 0
3.245301 9961472 0
7.962094 9961472 0
7.724718 9961472 0
7.933097 9961472 0
8.207568 9961472 0
3.046613 9961472 0
3.043732 9961472 0
3.586480 9961472 0
3.185213 9961472 0
2.664803 9961472 0
2.612602 9961472 0
2.656236 9961472 0
3.809808 9961472 0
2.881463 9961472 0
2.929331 9961472 0
2.840788 9961472 0
3.469771 9961472 0
2.803391 9961472 0
2.743465 9961472 0
2.599585 9961472 0
2.688785 9961472 0
2.643382 9961472 0
2.880974 9961472 0
3.142936 9961472 0
3.507084 9961472 0
2.746636 9961472 0
2.709722 9961472 0
2.857055 9961472 0
3.919077 9961472 0
2.503248 9961472 0
2.511839 9961472 0
2.513158 9961472 0
3.792766 9961472 0
10.778926 9961472 0
10.432403 9961472 0
10.321783 9961472 0
11.298656 9961472 0
2.690855 9961472 0
2.634541 9961472 0
2.575649 9961472 0
2.797198 9961472 0
2.532371 9961472 0
2.542780 9961472 0
2.942582 9961472 0
3.783750 9961472 0
2.538489 9961472 0
2.744215 9961472 0
2.588863 9961472 0
3.780342 9961472 0
2.684464 9961472 0
2.649710 9961472 0
2.758201 9961472 0
2.536901 9961472 0
2.616720 9961472 0
2.725297 9961472 0
2.653689 9961472 0
3.141443 9961472 0
2.543512 9961472 0
3.218441 9961472 0
3.782582 9961472 0
3.594640 9961472 0
2.601925 9961472 0
2.716897 9961472 0
3.853074 9961472 0
3.902542 9961472 0
19.684711 9961472 0
19.557557 9961472 0
19.378839 9961472 0
19.340755 9961472 0
2.583853 9961472 0
2.630154 9961472 0
2.522191 9961472 0
2.638994 9961472 0
2.568358 9961472 0
2.593005 9961472 0
2.589182 9961472 0
2.618383 9961472 0
2.509858 9961472 0
2.498354 9961472 0
2.644163 9961472 0
3.611995 9961472 0
2.688195 9961472 0
2.499171 9961472 0
2.668957 9961472 0
3.579188 9961472 0
2.640671 9961472 0
2.602744 9961472 0
2.518466 9961472 0
2.592910 9961472 0
2.566672 9961472 0
2.602666 9961472 0
3.773365 9961472 0
3.724215 9961472 0
2.626068 9961472 0
2.607018 9961472 0
3.795367 9961472 0
3.608601 9961472 0
2.603084 9961472 0
2.647138 9961472 0
3.283922 9961472 0
3.583375 9961472 0
2.640221 9961472 0
2.601102 9961472 0
2.687666 9961472 0
3.615897 9961472 0
2.623897 9961472 0
2.639487 9961472 0
2.621368 9961472 0
3.576774 9961472 0
2.597146 9961472 0
2.605764 9961472 0
3.549282 9961472 0
4.259660 9961472 0
2.549041 9961472 0
2.624861 9961472 0
2.980314 9961472 0
3.602491 9961472 0
2.890252 9961472 0
2.780696 9961472 0
3.753676 9961472 0
3.647180 9961472 0
2.671045 9961472 0
2.653119 9961472 0
2.723984 9961472 0
3.892692 9961472 0
2.552203 9961472 0
2.536852 9961472 0
2.628536 9961472 0
3.578977 9961472 0
11.659231 9961472 0
11.514300 9961472 0
11.429102 9961472 0
11.391062 9961472 0
2.570364 9961472 0
2.552139 9961472 0
2.817102 9961472 0
3.837379 9961472 0
2.545526 9961472 0
3.131893 9961472 0
3.057355 9961472 0
3.787500 9961472 0
2.579008 9961472 0
2.518225 9961472 0
2.620136 9961472 0
3.731430 9961472 0
2.530646 9961472 0
2.621197 9961472 0
2.640459 9961472 0
3.790160 9961472 0
2.608984 9961472 0
2.591681 9961472 0
2.623522 9961472 0
3.566394 9961472 0
2.829930 9961472 0
2.527665 9961472 0
3.597998 9961472 0
3.897847 9961472 0
2.545710 9961472 0
2.646392 9961472 0
3.267079 9961472 0
3.589708 9961472 0
2.722544 9961472 0
2.589188 9961472 0
2.761136 9961472 0
2.575626 9961472 0
8.245665 9961472 0
8.126192 9961472 0
8.856240 9961472 0
9.064945 9961472 0
2.966391 9961472 0
2.549022 9961472 0
2.983838 9961472 0
3.697590 9961472 0
2.763079 9961472 0
2.694430 9961472 0
2.594313 9961472 0
2.605331 9961472 0
2.703044 9961472 0
2.695186 9961472 0
3.902578 9961472 0
3.844183 9961472 0
2.814328 9961472 0
3.393584 9961472 0
3.847269 9961472 0
5.323001 9961472 0
2.715760 9961472 0
2.609902 9961472 0
2.576606 9961472 0
3.781076 9961472 0
2.855493 9961472 0
2.707442 9961472 0
2.638391 9961472 0
2.578053 9961472 0
2.578720 9961472 0
2.523305 9961472 0
3.805624 9961472 0
3.565712 9961472 0
10.425507 9961472 0
10.232115 9961472 0
10.111111 9961472 0
11.036850 9961472 0
2.583256 9961472 0
2.659663 9961472 0
2.523229 9961472 0
3.554214 9961472 0
2.584460 9961472 0
2.511202 9961472 0
3.103544 9961472 0
2.653502 9961472 0
2.626297 9961472 0
2.648509 9961472 0
2.611443 9961472 0
3.781673 9961472 0
2.532800 9961472 0
2.599980 9961472 0
2.495892 9961472 0
3.737715 9961472 0
2.577212 9961472 0
2.531279 9961472 0
3.573368 9961472 0
3.809662 9961472 0
2.591505 9961472 0
2.555534 9961472 0
2.617750 9961472 0
3.759514 9961472 0
2.556763 9961472 0
2.625082 9961472 0
2.686630 9961472 0
3.802073 9961472 0
2.535551 9961472 0
2.603049 9961472 0
2.627239 9961472 0
3.755675 9961472 0
16.004470 9961472 0
15.881700 9961472 0
15.708657 9961472 0
15.580781 9961472 0
2.571950 9961472 0
2.534133 9961472 0
2.825903 9961472 0
3.652299 9961472 0
2.635147 9961472 0
2.717721 9961472 0
2.877190 9961472 0
2.710817 9961472 0
2.599130 9961472 0
2.510940 9961472 0
2.557937 9961472 0
3.773508 9961472 0
2.566666 9961472 0
2.547458 9961472 0
3.609966 9961472 0
3.266398 9961472 0
2.611602 9961472 0
2.953007 9961472 0
3.744832 9961472 0
3.624672 9961472 0
2.577112 9961472 0
2.616340 9961472 0
3.758174 9961472 0
3.557462 9961472 0
2.699241 9961472 0
2.576301 9961472 0
2.503847 9961472 0
2.614439 9961472 0
2.703173 9961472 0
2.583577 9961472 0
2.829463 9961472 0
2.664518 9961472 0
7.678377 9961472 0
7.950324 9961472 0
7.475042 9961472 0
7.693434 9961472 0
2.636114 9961472 0
2.583309 9961472 0
3.603070 9961472 0
3.737704 9961472 0
2.679420 9961472 0
2.682406 9961472 0
2.527280 9961472 0
3.046710 9961472 0
2.635389 9961472 0
2.612839 9961472 0
3.620205 9961472 0
3.753980 9961472 0
2.720621 9961472 0
2.697255 9961472 0
3.656270 9961472 0
3.531520 9961472 0
2.740955 9961472 0
3.328773 9961472 0
3.769005 9961472 0
3.688323 9961472 0
2.680941 9961472 0
2.507015 9961472 0
3.773034 9961472 0
3.541349 9961472 0
2.642675 9961472 0
2.650347 9961472 0
2.697351 9961472 0
3.702792 9961472 0
2.609129 9961472 0
2.750002 9961472 0
3.582822 9961472 0
3.742511 9961472 0
2.691829 9961472 0
2.502693 9961472 0
3.592504 9961472 0
3.825003 9961472 0
2.767396 9961472 0
2.641517 9961472 0
2.598318 9961472 0
3.753597 9961472 0
2.620297 9961472 0
2.640171 9961472 0
3.710975 9961472 0
3.865650 9961472 0
2.688528 9961472 0
2.750711 9961472 0
2.693297 9961472 0
3.056538 9961472 0
2.846343 9961472 0
2.530795 9961472 0
3.601877 9961472 0
3.732155 9961472 0
2.686043 9961472 0
2.786939 9961472 0
2.678867 9961472 0
2.796909 9961472 0
3.433015 9961472 0
3.190610 9961472 0
2.796598 9961472 0
3.543682 9961472 0
2.667736 9961472 0
2.693743 9961472 0
3.193080 9961472 0
3.663273 9961472 0
2.821442 9961472 0
2.791788 9961472 0
2.805665 9961472 0
3.709269 9961472 0
2.750547 9961472 0
2.650074 9961472 0
2.930721 9961472 0
2.823367 9961472 0
2.667725 9961472 0
2.586779 9961472 0
2.515995 9961472 0
2.603745 9961472 0
2.602785 9961472 0
2.735026 9961472 0
2.701994 9961472 0
2.761586 9961472 0
2.561139 9961472 0
2.692144 9961472 0
2.764664 9961472 0
3.243235 9961472 0
2.745342 9961472 0
2.719975 9961472 0
3.436030 9961472 0
3.574299 9961472 0
2.661435 9961472 0
2.548140 9961472 0
2.678963 9961472 0
3.224360 9961472 0
16.048119 9961472 0
15.944806 9961472 0
15.916234 9961472 0
15.793461 9961472 0
2.579333 9961472 0
2.586487 9961472 0
2.516176 9961472 0
2.519281 9961472 0
2.576484 9961472 0
2.597014 9961472 0
2.522942 9961472 0
2.614246 9961472 0
2.691744 9961472 0
2.610907 9961472 0
2.683498 9961472 0
2.541740 9961472 0
2.965272 9961472 0
2.672764 9961472 0
3.245667 9961472 0
4.266166 9961472 0
2.568044 9961472 0
2.512360 9961472 0
3.245667 9961472 0
3.566214 9961472 0
2.651676 9961472 0
2.678458 9961472 0
2.620781 9961472 0
2.538085 9961472 0
2.663662 9961472 0
2.500393 9961472 0
2.714619 9961472 0
2.623028 9961472 0
2.670035 9961472 0
2.890964 9961472 0
2.743796 9961472 0
2.575145 9961472 0
9.044347 9961472 0
8.870138 9961472 0
9.023245 9961472 0
8.881118 9961472 0
2.567064 9961472 0
2.613405 9961472 0
3.234543 9961472 0
3.691315 9961472 0
2.558919 9961472 0
2.618006 9961472 0
2.610447 9961472 0
2.869314 9961472 0
2.629710 9961472 0
2.760451 9961472 0
3.246402 9961472 0
3.703298 9961472 0
2.662825 9961472 0
2.776532 9961472 0
2.610122 9961472 0
3.149998 9961472 0
2.644012 9961472 0
2.950663 9961472 0
2.551151 9961472 0
3.686080 9961472 0
2.596591 9961472 0
2.526789 9961472 0
2.514501 9961472 0
3.457008 9961472 0
2.541791 9961472 0
2.515807 9961472 0
3.235736 9961472 0
3.708409 9961472 0
2.631608 9961472 0
2.645501 9961472 0
3.238313 9961472 0
3.721985 9961472 0
11.927383 9961472 0
11.648672 9961472 0
11.561885 9961472 0
12.286347 9961472 0
2.542344 9961472 0
2.639897 9961472 0
3.288949 9961472 0
3.754587 9961472 0
2.666315 9961472 0
2.572498 9961472 0
2.677263 9961472 0
3.788597 9961472 0
2.663111 9961472 0
2.660050 9961472 0
3.095765 9961472 0
3.824535 9961472 0
2.593240 9961472 0
2.654949 9961472 0
3.821559 9961472 0
3.784297 9961472 0
2.670191 9961472 0
2.673129 9961472 0
2.551935 9961472 0
3.782259 9961472 0
2.561410 9961472 0
2.617567 9961472 0
2.595257 9961472 0
3.772644 9961472 0
2.645598 9961472 0
2.625996 9961472 0
2.636442 9961472 0
3.575385 9961472 0
2.615639 9961472 0
2.658272 9961472 0
2.589240 9961472 0
3.787511 9961472 0
8.000435 9961472 0
7.864746 9961472 0
8.160475 9961472 0
8.815083 9961472 0
2.656192 9961472 0
2.620960 9961472 0
2.547691 9961472 0
3.612953 9961472 0
2.695446 9961472 0
2.653771 9961472 0
2.508657 9961472 0
2.636985 9961472 0
2.893135 9961472 0
2.638457 9961472 0
2.917187 9961472 0
3.153971 9961472 0
2.629577 9961472 0
2.807066 9961472 0
3.669850 9961472 0
4.913452 9961472 0
2.700692 9961472 0
2.673939 9961472 0
3.271413 9961472 0
3.803818 9961472 0
2.718117 9961472 0
2.654630 9961472 0
3.329453 9961472 0
2.797470 9961472 0
2.693208 9961472 0
2.668337 9961472 0
3.346094 9961472 0
3.819031 9961472 0
2.557324 9961472 0
2.944472 9961472 0
3.606496 9961472 0
3.814528 9961472 0
16.231197 9961472 0
15.956645 9961472 0
16.169396 9961472 0
15.882058 9961472 0
2.641640 9961472 0
2.596429 9961472 0
2.611110 9961472 0
3.571426 9961472 0
2.742856 9961472 0
2.624682 9961472 0
3.791256 9961472 0
3.558749 9961472 0
2.602222 9961472 0
2.898989 9961472 0
2.676288 9961472 0
2.594102 9961472 0
2.649575 9961472 0
2.600522 9961472 0
2.515179 9961472 0
3.767578 9961472 0
2.681987 9961472 0
2.546265 9961472 0
2.764866 9961472 0
2.527399 9961472 0
2.665718 9961472 0
2.608009 9961472 0
2.534910 9961472 0
2.541800 9961472 0
2.567229 9961472 0
2.668606 9961472 0
2.632164 9961472 0
3.567097 9961472 0
2.795397 9961472 0
2.673676 9961472 0
2.549574 9961472 0
3.575287 9961472 0
10.767226 9961472 0
10.685639 9961472 0
10.428969 9961472 0
10.647305 9961472 0
2.697125 9961472 0
2.742041 9961472 0
2.726905 9961472 0
2.633617 9961472 0
2.665684 9961472 0
2.648098 9961472 0
2.679058 9961472 0
2.686179 9961472 0
2.555995 9961472 0
2.778391 9961472 0
2.582731 9961472 0
2.640378 9961472 0
2.545013 9961472 0
2.552505 9961472 0
3.236068 9961472 0
3.773780 9961472 0
2.637407 9961472 0
2.517288 9961472 0
3.722067 9961472 0
3.574343 9961472 0
2.663425 9961472 0
2.624636 9961472 0
2.618522 9961472 0
3.591977 9961472 0
2.776502 9961472 0
2.526957 9961472 0
2.512677 9961472 0
5.532644 9961472 0
2.833264 9961472 0
2.638492 9961472 0
2.492327 9961472 0
3.585632 9961472 0
12.212420 9961472 0
12.213764 9961472 0
12.148069 9961472 0
13.394577 9961472 0
2.547313 9961472 0
2.801160 9961472 0
2.512345 9961472 0
2.531533 9961472 0
2.662610 9961472 0
2.563688 9961472 0
2.655808 9961472 0
2.797404 9961472 0
2.590843 9961472 0
2.668730 9961472 0
2.892596 9961472 0
3.768667 9961472 0
2.657708 9961472 0
2.644058 9961472 0
2.642798 9961472 0
3.765915 9961472 0
2.571348 9961472 0
2.523478 9961472 0
3.573142 9961472 0
3.755556 9961472 0
2.584672 9961472 0
2.616250 9961472 0
2.513243 9961472 0
3.686073 9961472 0
2.714867 9961472 0
2.685909 9961472 0
3.575238 9961472 0
3.208189 9961472 0
2.702413 9961472 0
2.701799 9961472 0
2.656682 9961472 0
2.642055 9961472 0
13.568082 9961472 0
13.500881 9961472 0
13.342778 9961472 0
13.248630 9961472 0
2.595616 9961472 0
2.514712 9961472 0
3.280828 9961472 0
3.573791 9961472 0
2.640185 9961472 0
2.560044 9961472 0
2.698217 9961472 0
2.658230 9961472 0
2.647363 9961472 0
2.626568 9961472 0
2.596233 9961472 0
3.241302 9961472 0
2.721661 9961472 0
2.602989 9961472 0
3.260357 9961472 0
3.745959 9961472 0
2.728621 9961472 0
2.542743 9961472 0
3.286692 9961472 0
3.569571 9961472 0
2.597246 9961472 0
2.582238 9961472 0
3.739556 9961472 0
3.434710 9961472 0
2.948228 9961472 0
3.930826 9961472 0
4.015346 9961472 0
4.023361 9961472 0
2.754175 9961472 0
2.709327 9961472 0
3.312485 9961472 0
3.870572 9961472 0
8.839420 9961472 0
8.652790 9961472 0
10.526478 9961472 0
11.100144 9961472 0
2.914506 9961472 0
2.923372 9961472 0
3.000734 9961472 0
2.940854 9961472 0
2.725012 9961472 0
2.817102 9961472 0
2.914581 9961472 0
3.308367 9961472 0
2.693428 9961472 0
2.709294 9961472 0
2.743465 9961472 0
3.294220 9961472 0
2.717857 9961472 0
3.225893 9961472 0
3.032772 9961472 0
4.245905 9961472 0
2.641534 9961472 0
2.525536 9961472 0
2.635179 9961472 0
3.229697 9961472 0
2.565772 9961472 0
2.665540 9961472 0
3.147586 9961472 0
3.118380 9961472 0
2.604160 9961472 0
2.723458 9961472 0
2.619985 9961472 0
3.800035 9961472 0
2.695715 9961472 0
2.574696 9961472 0
2.658919 9961472 0
3.311332 9961472 0
13.197460 9961472 0
13.458638 9961472 0
13.147753 9961472 0
13.085446 9961472 0
2.617979 9961472 0
3.285591 9961472 0
3.562385 9961472 0
3.739419 9961472 0
2.521738 9961472 0
2.922298 9961472 0
2.677304 9961472 0
3.722119 9961472 0
2.532943 9961472 0
2.708381 9961472 0
3.311330 9961472 0
3.698180 9961472 0
2.668160 9961472 0
2.732159 9961472 0
3.251745 9961472 0
3.705674 9961472 0
2.740652 9961472 0
2.563714 9961472 0
2.538918 9961472 0
3.572057 9961472 0
2.658243 9961472 0
3.256106 9961472 0
3.867862 9961472 0
3.611770 9961472 0
2.776409 9961472 0
3.242296 9961472 0
2.814169 9961472 0
2.651379 9961472 0
2.932851 9961472 0
2.682792 9961472 0
2.677879 9961472 0
3.566754 9961472 0
15.641627 9961472 0
15.488556 9961472 0
15.480369 9961472 0
15.422785 9961472 0
2.680775 9961472 0
2.570666 9961472 0
2.500423 9961472 0
3.705172 9961472 0
2.782128 9961472 0
2.601123 9961472 0
2.626128 9961472 0
3.110051 9961472 0
2.661678 9961472 0
2.523989 9961472 0
2.599753 9961472 0
2.749910 9961472 0
2.704314 9961472 0
2.625975 9961472 0
2.648155 9961472 0
3.703472 9961472 0
2.641724 9961472 0
2.532419 9961472 0
2.590266 9961472 0
2.619782 9961472 0
2.784686 9961472 0
2.573711 9961472 0
3.018421 9961472 0
3.611375 9961472 0
2.610696 9961472 0
2.611164 9961472 0
3.214538 9961472 0
3.774750 9961472 0
2.591000 9961472 0
2.537439 9961472 0
2.774245 9961472 0
2.898896 9961472 0
8.397850 9961472 0
8.657080 9961472 0
8.305262 9961472 0
8.235386 9961472 0
2.639769 9961472 0
2.556133 9961472 0
2.612111 9961472 0
3.237955 9961472 0
2.523723 9961472 0
2.695758 9961472 0
2.672289 9961472 0
3.805278 9961472 0
2.683303 9961472 0
2.795676 9961472 0
2.718774 9961472 0
3.825937 9961472 0
2.704657 9961472 0
2.651592 9961472 0
3.626949 9961472 0
3.186934 9961472 0
2.725323 9961472 0
2.898260 9961472 0
3.083378 9961472 0
3.860522 9961472 0
2.805648 9961472 0
2.805637 9961472 0
3.778106 9961472 0
2.792890 9961472 0
2.670253 9961472 0
2.844369 9961472 0
2.780010 9961472 0
2.735376 9961472 0
2.856105 9961472 0
3.801947 9961472 0
3.453483 9961472 0
3.782348 9961472 0
12.798670 9961472 0
12.722818 9961472 0
12.582530 9961472 0
12.543760 9961472 0
2.637435 9961472 0
2.582195 9961472 0
3.384775 9961472 0
3.777938 9961472 0
2.562349 9961472 0
2.527633 9961472 0
2.521540 9961472 0
3.808038 9961472 0
2.688788 9961472 0
3.068672 9961472 0
2.820184 9961472 0
2.971745 9961472 0
3.798034 9961472 0
3.592078 9961472 0
3.962156 9961472 0
4.132223 9961472 0
2.728541 9961472 0
2.548674 9961472 0
3.680146 9961472 0
3.859438 9961472 0
2.694272 9961472 0
2.660961 9961472 0
2.597410 9961472 0
3.811482 9961472 0
2.724075 9961472 0
2.652720 9961472 0
2.596148 9961472 0
3.142065 9961472 0
2.682320 9961472 0
2.574836 9961472 0
2.630190 9961472 0
2.677143 9961472 0
2.553840 9961472 0
2.615431 9961472 0
3.090823 9961472 0
3.699221 9961472 0
2.569422 9961472 0
2.512898 9961472 0
3.615040 9961472 0
3.253875 9961472 0
2.509199 9961472 0
3.597193 9961472 0
3.207036 9961472 0
3.742293 9961472 0
2.622495 9961472 0
2.510599 9961472 0
3.605268 9961472 0
3.231087 9961472 0
2.574706 9961472 0
2.606979 9961472 0
2.512621 9961472 0
3.621884 9961472 0
2.739886 9961472 0
2.612953 9961472 0
3.612212 9961472 0
3.687861 9961472 0
2.556713 9961472 0
2.611178 9961472 0
2.752009 9961472 0
3.730625 9961472 0
2.643651 9961472 0
2.641956 9961472 0
2.551563 9961472 0
3.639737 9961472 0
2.658788 9961472 0
2.514907 9961472 0
2.646170 9961472 0
2.558956 9961472 0
2.570300 9961472 0
2.632777 9961472 0
2.724028 9961472 0
2.650055 9961472 0
2.676321 9961472 0
2.597445 9961472 0
3.076626 9961472 0
3.789244 9961472 0
2.649008 9961472 0
2.542674 9961472 0
2.617830 9961472 0
3.597142 9961472 0
2.533426 9961472 0
2.572001 9961472 0
3.335258 9961472 0
3.825102 9961472 0
2.581337 9961472 0
2.538907 9961472 0
2.672013 9961472 0
3.216038 9961472 0
2.573037 9961472 0
2.592855 9961472 0
2.608651 9961472 0
2.604022 9961472 0
3.034278 9961472 0
2.632550 9961472 0
2.759426 9961472 0
3.347943 9961472 0
13.505774 9961472 0
13.452114 9961472 0
14.253964 9961472 0
14.196892 9961472 0
2.666256 9961472 0
2.701615 9961472 0
2.674793 9961472 0
2.636321 9961472 0
2.648315 9961472 0
2.703489 9961472 0
2.516308 9961472 0
3.775119 9961472 0
2.667342 9961472 0
2.768252 9961472 0
3.585451 9961472 0
3.748687 9961472 0
2.716859 9961472 0
2.721958 9961472 0
2.731649 9961472 0
3.246652 9961472 0
2.749709 9961472 0
3.071183 9961472 0
3.232118 9961472 0
3.778380 9961472 0
2.687773 9961472 0
2.618316 9961472 0
2.681071 9961472 0
2.625359 9961472 0
2.547150 9961472 0
2.969463 9961472 0
3.228154 9961472 0
3.815020 9961472 0
2.889923 9961472 0
2.914471 9961472 0
2.817480 9961472 0
3.049451 9961472 0
11.964610 9961472 0
11.892188 9961472 0
11.759092 9961472 0
11.627698 9961472 0
2.710643 9961472 0
2.529159 9961472 0
2.648410 9961472 0
3.610946 9961472 0
2.667981 9961472 0
2.585769 9961472 0
2.562594 9961472 0
3.606488 9961472 0
2.555612 9961472 0
2.590947 9961472 0
2.600867 9961472 0
3.802870 9961472 0
2.696744 9961472 0
2.627785 9961472 0
2.709596 9961472 0
3.772484 9961472 0
2.531584 9961472 0
2.512238 9961472 0
3.560223 9961472 0
3.764823 9961472 0
2.564428 9961472 0
2.619875 9961472 0
2.598015 9961472 0
3.561965 9961472 0
2.903541 9961472 0
2.819521 9961472 0
2.810972 9961472 0
3.339354 9961472 0
2.680732 9961472 0
2.677002 9961472 0
2.813909 9961472 0
2.619088 9961472 0
2.807179 9961472 0
2.779374 9961472 0
2.733520 9961472 0
2.684073 9961472 0
2.844850 9961472 0
2.713127 9961472 0
2.643016 9961472 0
3.862201 9961472 0
2.676687 9961472 0
2.947747 9961472 0
2.567032 9961472 0
2.652893 9961472 0
2.673091 9961472 0
2.556239 9961472 0
2.621611 9961472 0
2.485942 9961472 0
2.710523 9961472 0
2.590895 9961472 0
3.167227 9961472 0
3.586106 9961472 0
2.638358 9961472 0
3.166432 9961472 0
3.704778 9961472 0
3.598173 9961472 0
2.670814 9961472 0
2.621846 9961472 0
2.627101 9961472 0
3.231260 9961472 0
13.780474 9961472 0
13.183855 9961472 0
13.457268 9961472 0
13.428713 9961472 0
2.723731 9961472 0
2.585653 9961472 0
2.520649 9961472 0
3.611106 9961472 0
2.623857 9961472 0
2.623664 9961472 0
2.497460 9961472 0
3.713791 9961472 0
2.573427 9961472 0
2.520924 9961472 0
2.629421 9961472 0
2.546449 9961472 0
2.751974 9961472 0
2.907834 9961472 0
2.833850 9961472 0
4.023686 9961472 0
2.711861 9961472 0
2.731680 9961472 0
2.701391 9961472 0
3.779257 9961472 0
2.742345 9961472 0
2.529955 9961472 0
2.531400 9961472 0
3.244184 9961472 0
2.643078 9961472 0
2.616694 9961472 0
2.636759 9961472 0
4.194626 9961472 0
2.651719 9961472 0
2.625815 9961472 0
3.571771 9961472 0
3.749385 9961472 0
2.546696 9961472 0
2.650132 9961472 0
3.741850 9961472 0
3.602478 9961472 0
2.688584 9961472 0
2.600560 9961472 0
3.232926 9961472 0
3.769148 9961472 0
2.522633 9961472 0
2.849901 9961472 0
3.289941 9961472 0
3.755691 9961472 0
2.587847 9961472 0
2.622202 9961472 0
2.564664 9961472 0
2.631740 9961472 0
2.534275 9961472 0
2.496737 9961472 0
3.304851 9961472 0
3.718563 9961472 0
2.803223 9961472 0
2.837939 9961472 0
2.986766 9961472 0
3.651870 9961472 0
2.620113 9961472 0
2.535340 9961472 0
2.694670 9961472 0
3.582310 9961472 0
2.720947 9961472 0
2.595087 9961472 0
2.951605 9961472 0
2.752099 9961472 0
17.154621 9961472 0
16.996144 9961472 0
16.918223 9961472 0
16.755628 9961472 0
2.641063 9961472 0
2.659204 9961472 0
3.287318 9961472 0
2.770521 9961472 0
2.620649 9961472 0
2.681375 9961472 0
3.901643 9961472 0
3.869654 9961472 0
2.531044 9961472 0
2.644872 9961472 0
2.540797 9961472 0
3.824728 9961472 0
2.582829 9961472 0
2.535865 9961472 0
2.684735 9961472 0
3.764563 9961472 0
2.644356 9961472 0
2.596713 9961472 0
2.559168 9961472 0
2.628344 9961472 0
2.563070 9961472 0
2.555415 9961472 0
2.576000 9961472 0
3.259524 9961472 0
2.600200 9961472 0
2.584477 9961472 0
2.706041 9961472 0
3.260612 9961472 0
2.621945 9961472 0
2.949692 9961472 0
2.761508 9961472 0
2.981909 9961472 0
8.449174 9961472 0
8.363099 9961472 0
8.231377 9961472 0
8.217267 9961472 0
2.639033 9961472 0
2.554636 9961472 0
2.782177 9961472 0
3.075841 9961472 0
2.762155 9961472 0
2.675203 9961472 0
2.530232 9961472 0
3.231155 9961472 0
3.097397 9961472 0
2.682464 9961472 0
2.776972 9961472 0
3.947587 9961472 0
2.725203 9961472 0
2.534355 9961472 0
2.544877 9961472 0
2.613480 9961472 0
2.629411 9961472 0
3.673694 9961472 0
3.317062 9961472 0
2.878816 9961472 0
2.731111 9961472 0
2.600906 9961472 0
2.781751 9961472 0
3.466302 9961472 0
2.791828 9961472 0
2.862436 9961472 0
2.649248 9961472 0
3.824503 9961472 0
2.508620 9961472 0
2.728626 9961472 0
2.531362 9961472 0
3.627496 9961472 0
17.297842 9961472 0
16.996648 9961472 0
16.731505 9961472 0
17.928991 9961472 0
2.701029 9961472 0
3.054965 9961472 0
2.650259 9961472 0
2.661586 9961472 0
2.655164 9961472 0
2.586235 9961472 0
2.549898 9961472 0
4.825356 9961472 0
2.646368 9961472 0
2.659976 9961472 0
2.942921 9961472 0
2.668345 9961472 0
2.558586 9961472 0
2.538349 9961472 0
2.827483 9961472 0
2.629765 9961472 0
2.597753 9961472 0
2.650263 9961472 0
3.046754 9961472 0
3.228210 9961472 0
2.843864 9961472 0
2.750839 9961472 0
2.561225 9961472 0
3.715371 9961472 0
2.586273 9961472 0
2.646619 9961472 0
3.624121 9961472 0
3.820574 9961472 0
2.634224 9961472 0
2.628092 9961472 0
2.566045 9961472 0
2.555528 9961472 0
