55.126075 2097152 0
58.121665 2097152 0
61.499493 2097152 0
65.080645 2097152 0
3.428754 2097152 0
6.942302 2097152 0
13.146285 2097152 0
17.715551 2097152 0
4.257648 2097152 0
9.535794 2097152 0
13.798663 2097152 0
18.282368 2097152 0
3.344978 2097152 0
6.154729 2097152 0
10.042355 2097152 0
16.239294 2097152 0
3.348310 2097152 0
6.847879 2097152 0
10.105715 2097152 0
14.900297 2097152 0
4.386819 2097152 0
8.504920 2097152 0
13.882486 2097152 0
18.602358 2097152 0
4.293520 2097152 0
8.439428 2097152 0
14.540916 2097152 0
19.362490 2097152 0
5.406288 2097152 0
11.406526 2097152 0
16.036822 2097152 0
20.877742 2097152 0
3.774799 2097152 0
7.647389 2097152 0
10.927659 2097152 0
16.689958 2097152 0
6.033244 2097152 0
10.629202 2097152 0
15.110794 2097152 0
19.695655 2097152 0
6.620270 2097152 0
10.800513 2097152 0
15.581064 2097152 0
20.737508 2097152 0
3.930290 2097152 0
9.018654 2097152 0
13.540339 2097152 0
19.992026 2097152 0
6.285721 2097152 0
10.355887 2097152 0
14.276333 2097152 0
20.014345 2097152 0
4.172001 2097152 0
8.543844 2097152 0
14.018945 2097152 0
19.603136 2097152 0
4.028228 2097152 0
8.951254 2097152 0
14.785292 2097152 0
20.457480 2097152 0
5.580553 2097152 0
11.329944 2097152 0
16.315761 2097152 0
21.557417 2097152 0
3.409092 2097152 0
7.245088 2097152 0
11.548369 2097152 0
17.274953 2097152 0
5.703996 2097152 0
10.452936 2097152 0
14.431669 2097152 0
19.860474 2097152 0
4.019387 2097152 0
8.544210 2097152 0
11.779429 2097152 0
16.151915 2097152 0
4.059225 2097152 0
8.323226 2097152 0
12.048656 2097152 0
16.891482 2097152 0
3.390761 2097152 0
7.104865 2097152 0
11.306292 2097152 0
15.742104 2097152 0
5.960851 2097152 0
12.484275 2097152 0
16.293311 2097152 0
20.860736 2097152 0
3.693661 2097152 0
7.617871 2097152 0
12.113888 2097152 0
16.558524 2097152 0
3.366671 2097152 0
8.422649 2097152 0
12.670225 2097152 0
17.531324 2097152 0
3.961469 2097152 0
8.343412 2097152 0
12.787643 2097152 0
17.820754 2097152 0
4.704631 2097152 0
9.167918 2097152 0
14.344073 2097152 0
20.307516 2097152 0
5.100791 2097152 0
8.956629 2097152 0
12.689439 2097152 0
17.186557 2097152 0
3.599513 2097152 0
6.702642 2097152 0
13.209914 2097152 0
18.300848 2097152 0
3.984338 2097152 0
10.672514 2097152 0
16.200842 2097152 0
22.045170 2097152 0
4.368614 2097152 0
10.650646 2097152 0
15.910527 2097152 0
19.026260 2097152 0
5.574342 2097152 0
10.143811 2097152 0
14.668591 2097152 0
18.961190 2097152 0
5.012457 2097152 0
9.719513 2097152 0
15.312268 2097152 0
21.283117 2097152 0
5.024816 2097152 0
9.983172 2097152 0
15.517458 2097152 0
20.232620 2097152 0
3.955013 2097152 0
8.509290 2097152 0
12.833882 2097152 0
16.256609 2097152 0
3.376154 2097152 0
5.984490 2097152 0
10.273735 2097152 0
14.705372 2097152 0
4.683064 2097152 0
10.177434 2097152 0
14.008002 2097152 0
19.735577 2097152 0
4.279532 2097152 0
8.852608 2097152 0
14.594049 2097152 0
18.759542 2097152 0
4.493529 2097152 0
10.120387 2097152 0
13.459121 2097152 0
18.069485 2097152 0
3.974950 2097152 0
10.831916 2097152 0
15.414832 2097152 0
19.889860 2097152 0
4.113002 2097152 0
9.076033 2097152 0
13.751174 2097152 0
18.809296 2097152 0
5.002646 2097152 0
9.251429 2097152 0
13.285179 2097152 0
18.350891 2097152 0
3.694541 2097152 0
7.985308 2097152 0
12.244331 2097152 0
17.181305 2097152 0
8.160100 2097152 0
12.906120 2097152 0
17.667452 2097152 0
22.343513 2097152 0
3.363250 2097152 0
6.663326 2097152 0
11.680432 2097152 0
17.862957 2097152 0
3.985521 2097152 0
10.507562 2097152 0
16.647740 2097152 0
21.199612 2097152 0
3.810424 2097152 0
9.354229 2097152 0
14.628189 2097152 0
20.089881 2097152 0
3.683570 2097152 0
8.591656 2097152 0
14.342868 2097152 0
20.511138 2097152 0
3.331116 2097152 0
6.427523 2097152 0
11.489307 2097152 0
15.611168 2097152 0
4.399807 2097152 0
10.233885 2097152 0
14.963572 2097152 0
20.350036 2097152 0
5.257079 2097152 0
10.500962 2097152 0
14.836168 2097152 0
20.172099 2097152 0
3.720964 2097152 0
8.058672 2097152 0
12.373007 2097152 0
16.796851 2097152 0
3.737037 2097152 0
8.033424 2097152 0
12.620782 2097152 0
17.388743 2097152 0
3.699551 2097152 0
8.146084 2097152 0
12.364590 2097152 0
17.379964 2097152 0
3.543966 2097152 0
6.611986 2097152 0
11.516278 2097152 0
18.213876 2097152 0
4.791806 2097152 0
9.117924 2097152 0
13.632815 2097152 0
18.973249 2097152 0
4.485287 2097152 0
9.112389 2097152 0
12.835076 2097152 0
20.062917 2097152 0
3.933939 2097152 0
8.112416 2097152 0
11.882158 2097152 0
17.395851 2097152 0
4.059242 2097152 0
8.858223 2097152 0
13.242094 2097152 0
17.451430 2097152 0
3.686566 2097152 0
8.158117 2097152 0
12.252607 2097152 0
16.002257 2097152 0
5.047181 2097152 0
10.083244 2097152 0
14.655484 2097152 0
19.281333 2097152 0
3.365891 2097152 0
6.550646 2097152 0
10.272784 2097152 0
14.809295 2097152 0
5.536395 2097152 0
10.486510 2097152 0
14.660419 2097152 0
19.320377 2097152 0
4.354532 2097152 0
9.231576 2097152 0
14.246297 2097152 0
19.622879 2097152 0
5.070550 2097152 0
9.909288 2097152 0
14.819580 2097152 0
19.511720 2097152 0
3.347267 2097152 0
6.072443 2097152 0
9.929858 2097152 0
14.848091 2097152 0
3.675447 2097152 0
7.453843 2097152 0
11.783812 2097152 0
17.034488 2097152 0
3.398541 2097152 0
9.462810 2097152 0
15.134022 2097152 0
19.780228 2097152 0
4.385555 2097152 0
8.052997 2097152 0
12.472940 2097152 0
17.312217 2097152 0
4.118792 2097152 0
8.935996 2097152 0
13.810836 2097152 0
18.807393 2097152 0
6.031802 2097152 0
10.461533 2097152 0
15.230025 2097152 0
19.669112 2097152 0
4.039607 2097152 0
8.617037 2097152 0
14.743551 2097152 0
19.394232 2097152 0
7.147122 2097152 0
11.646426 2097152 0
15.794821 2097152 0
21.137737 2097152 0
4.686310 2097152 0
9.229354 2097152 0
14.319960 2097152 0
20.424765 2097152 0
3.356039 2097152 0
8.225257 2097152 0
12.459165 2097152 0
19.290133 2097152 0
3.301674 2097152 0
10.066205 2097152 0
16.288555 2097152 0
21.846590 2097152 0
4.034731 2097152 0
10.060751 2097152 0
15.422166 2097152 0
20.552310 2097152 0
5.447017 2097152 0
11.729645 2097152 0
16.145137 2097152 0
21.495399 2097152 0
3.796898 2097152 0
9.769391 2097152 0
15.162239 2097152 0
19.598209 2097152 0
3.755237 2097152 0
8.639336 2097152 0
14.216792 2097152 0
19.214882 2097152 0
3.852251 2097152 0
8.763248 2097152 0
13.405915 2097152 0
19.023970 2097152 0
3.941242 2097152 0
9.814091 2097152 0
15.434615 2097152 0
19.008938 2097152 0
4.269113 2097152 0
8.770121 2097152 0
14.700938 2097152 0
19.485464 2097152 0
4.517046 2097152 0
9.134464 2097152 0
13.127184 2097152 0
17.624414 2097152 0
3.855547 2097152 0
9.050825 2097152 0
14.369528 2097152 0
18.856509 2097152 0
3.570279 2097152 0
7.598969 2097152 0
12.105000 2097152 0
16.069471 2097152 0
4.093122 2097152 0
7.728634 2097152 0
11.809487 2097152 0
16.873138 2097152 0
3.801074 2097152 0
7.889495 2097152 0
11.857492 2097152 0
16.393978 2097152 0
4.039710 2097152 0
7.900757 2097152 0
12.345538 2097152 0
16.269621 2097152 0
3.619013 2097152 0
8.138767 2097152 0
12.068182 2097152 0
16.778203 2097152 0
3.711232 2097152 0
7.843155 2097152 0
12.212372 2097152 0
16.795156 2097152 0
3.756509 2097152 0
7.960165 2097152 0
11.819860 2097152 0
16.680983 2097152 0
4.397689 2097152 0
9.938838 2097152 0
14.576245 2097152 0
20.707206 2097152 0
3.964310 2097152 0
8.003496 2097152 0
12.376773 2097152 0
17.205883 2097152 0
3.336368 2097152 0
9.283472 2097152 0
13.376256 2097152 0
19.522541 2097152 0
3.708075 2097152 0
7.739095 2097152 0
12.288857 2097152 0
16.757372 2097152 0
3.630406 2097152 0
8.282107 2097152 0
12.944891 2097152 0
16.186983 2097152 0
3.448318 2097152 0
7.154018 2097152 0
11.658446 2097152 0
16.605444 2097152 0
3.674822 2097152 0
6.667879 2097152 0
11.606440 2097152 0
17.604296 2097152 0
4.930787 2097152 0
9.860125 2097152 0
14.732454 2097152 0
20.562768 2097152 0
5.048347 2097152 0
9.616250 2097152 0
14.512112 2097152 0
20.496842 2097152 0
4.921514 2097152 0
9.226718 2097152 0
13.161526 2097152 0
18.781273 2097152 0
3.902882 2097152 0
10.531466 2097152 0
15.577967 2097152 0
20.777202 2097152 0
3.727789 2097152 0
7.742019 2097152 0
10.875099 2097152 0
15.692867 2097152 0
3.849749 2097152 0
8.435520 2097152 0
13.317702 2097152 0
17.552595 2097152 0
3.683199 2097152 0
8.515671 2097152 0
12.013534 2097152 0
16.336615 2097152 0
4.887190 2097152 0
9.376516 2097152 0
13.765195 2097152 0
18.428069 2097152 0
3.991316 2097152 0
8.709189 2097152 0
13.791448 2097152 0
20.279258 2097152 0
5.199097 2097152 0
9.584107 2097152 0
13.998855 2097152 0
18.720196 2097152 0
3.883540 2097152 0
8.102627 2097152 0
12.326138 2097152 0
16.643043 2097152 0
3.371315 2097152 0
9.242203 2097152 0
13.663878 2097152 0
17.603477 2097152 0
5.353042 2097152 0
9.117791 2097152 0
14.271162 2097152 0
20.298421 2097152 0
3.636926 2097152 0
8.093840 2097152 0
13.658483 2097152 0
20.405164 2097152 0
6.041237 2097152 0
11.280133 2097152 0
15.539233 2097152 0
20.864951 2097152 0
4.764098 2097152 0
11.362177 2097152 0
15.358352 2097152 0
20.960300 2097152 0
3.435607 2097152 0
9.476053 2097152 0
14.707007 2097152 0
19.841301 2097152 0
3.936265 2097152 0
9.482600 2097152 0
13.568997 2097152 0
18.906183 2097152 0
3.957416 2097152 0
9.164775 2097152 0
15.169416 2097152 0
19.642170 2097152 0
5.135170 2097152 0
9.895257 2097152 0
14.772140 2097152 0
20.324531 2097152 0
3.524577 2097152 0
7.236266 2097152 0
12.426261 2097152 0
17.185014 2097152 0
3.744388 2097152 0
8.269301 2097152 0
12.953706 2097152 0
17.981231 2097152 0
3.736419 2097152 0
7.555612 2097152 0
11.831913 2097152 0
16.466283 2097152 0
3.753381 2097152 0
8.718183 2097152 0
14.162842 2097152 0
19.031288 2097152 0
4.780696 2097152 0
9.963810 2097152 0
14.064246 2097152 0
18.819429 2097152 0
5.179574 2097152 0
10.112983 2097152 0
13.128049 2097152 0
16.650175 2097152 0
4.140935 2097152 0
9.908409 2097152 0
15.705246 2097152 0
19.903968 2097152 0
3.917987 2097152 0
9.326033 2097152 0
13.996324 2097152 0
19.004665 2097152 0
3.708574 2097152 0
7.938525 2097152 0
12.357831 2097152 0
16.830008 2097152 0
3.662152 2097152 0
8.143081 2097152 0
11.936051 2097152 0
16.018275 2097152 0
4.732260 2097152 0
9.119225 2097152 0
15.254098 2097152 0
20.032379 2097152 0
3.754257 2097152 0
6.184510 2097152 0
11.715802 2097152 0
17.305244 2097152 0
3.341791 2097152 0
6.070678 2097152 0
10.400286 2097152 0
14.976935 2097152 0
3.975494 2097152 0
8.317357 2097152 0
12.051684 2097152 0
18.445375 2097152 0
3.880024 2097152 0
8.119959 2097152 0
12.353608 2097152 0
17.007141 2097152 0
3.470452 2097152 0
6.973441 2097152 0
11.275225 2097152 0
14.699062 2097152 0
3.313120 2097152 0
7.865027 2097152 0
12.251639 2097152 0
17.214567 2097152 0
3.769174 2097152 0
10.430962 2097152 0
14.497237 2097152 0
20.954518 2097152 0
3.850263 2097152 0
7.938145 2097152 0
11.247731 2097152 0
17.863900 2097152 0
3.898864 2097152 0
10.809130 2097152 0
13.815679 2097152 0
18.488237 2097152 0
3.740165 2097152 0
7.836482 2097152 0
11.361519 2097152 0
15.959498 2097152 0
4.261704 2097152 0
8.767928 2097152 0
13.355045 2097152 0
19.468540 2097152 0
4.135196 2097152 0
10.017802 2097152 0
14.384703 2097152 0
18.865800 2097152 0
3.679624 2097152 0
8.449568 2097152 0
12.521037 2097152 0
17.778038 2097152 0
4.425444 2097152 0
8.366651 2097152 0
13.858085 2097152 0
19.133965 2097152 0
3.884837 2097152 0
8.078882 2097152 0
13.374680 2097152 0
18.404833 2097152 0
3.767118 2097152 0
7.401483 2097152 0
11.211551 2097152 0
15.972557 2097152 0
4.456219 2097152 0
7.955135 2097152 0
13.175464 2097152 0
18.438432 2097152 0
3.336707 2097152 0
7.212404 2097152 0
13.023323 2097152 0
18.681063 2097152 0
5.745361 2097152 0
10.405816 2097152 0
15.255166 2097152 0
20.128865 2097152 0
3.861750 2097152 0
8.419759 2097152 0
13.869574 2097152 0
19.180356 2097152 0
5.236398 2097152 0
9.987482 2097152 0
15.709202 2097152 0
20.504610 2097152 0
3.794014 2097152 0
8.719772 2097152 0
14.343031 2097152 0
19.525059 2097152 0
5.261750 2097152 0
12.339190 2097152 0
18.929019 2097152 0
24.889898 2097152 0
6.202866 2097152 0
10.287339 2097152 0
13.471730 2097152 0
18.040747 2097152 0
3.982549 2097152 0
8.960232 2097152 0
14.475381 2097152 0
19.054777 2097152 0
3.362629 2097152 0
6.876531 2097152 0
11.458282 2097152 0
16.048525 2097152 0
3.696270 2097152 0
7.861171 2097152 0
13.177171 2097152 0
17.670129 2097152 0
3.892646 2097152 0
8.502394 2097152 0
13.262370 2097152 0
18.644724 2097152 0
4.664669 2097152 0
8.339830 2097152 0
12.686711 2097152 0
15.694125 2097152 0
3.369343 2097152 0
7.050232 2097152 0
12.914891 2097152 0
17.904750 2097152 0
3.679305 2097152 0
9.782989 2097152 0
14.711421 2097152 0
19.217267 2097152 0
3.308068 2097152 0
8.745934 2097152 0
14.920902 2097152 0
19.535499 2097152 0
3.502295 2097152 0
5.874501 2097152 0
16.848049 2097152 0
21.743773 2097152 0
5.893254 2097152 0
13.923722 2097152 0
18.826118 2097152 0
24.677336 2097152 0
3.976964 2097152 0
8.209132 2097152 0
13.918465 2097152 0
18.745436 2097152 0
3.747635 2097152 0
7.283513 2097152 0
11.409284 2097152 0
16.244321 2097152 0
6.949209 2097152 0
12.079554 2097152 0
16.105387 2097152 0
21.793753 2097152 0
3.729412 2097152 0
7.502026 2097152 0
12.048576 2097152 0
17.077629 2097152 0
3.734235 2097152 0
7.748225 2097152 0
12.078936 2097152 0
17.454505 2097152 0
3.755906 2097152 0
7.720176 2097152 0
11.589676 2097152 0
16.145570 2097152 0
3.770854 2097152 0
8.147874 2097152 0
13.061712 2097152 0
17.699384 2097152 0
3.309776 2097152 0
7.919431 2097152 0
12.331981 2097152 0
19.359192 2097152 0
3.357140 2097152 0
7.930450 2097152 0
12.353238 2097152 0
18.151554 2097152 0
6.821068 2097152 0
11.303376 2097152 0
17.072853 2097152 0
22.224758 2097152 0
4.043244 2097152 0
7.881072 2097152 0
13.212353 2097152 0
18.632069 2097152 0
5.008193 2097152 0
9.431647 2097152 0
15.722326 2097152 0
21.422508 2097152 0
3.307081 2097152 0
8.353304 2097152 0
14.226831 2097152 0
20.275382 2097152 0
3.844984 2097152 0
8.079547 2097152 0
13.002563 2097152 0
19.040134 2097152 0
3.722377 2097152 0
8.002996 2097152 0
12.320962 2097152 0
18.352474 2097152 0
3.732028 2097152 0
6.861006 2097152 0
17.548289 2097152 0
24.150888 2097152 0
3.448098 2097152 0
7.418450 2097152 0
12.040053 2097152 0
16.780033 2097152 0
3.920328 2097152 0
9.405359 2097152 0
14.020033 2097152 0
19.635059 2097152 0
3.591749 2097152 0
7.189503 2097152 0
13.738782 2097152 0
17.927157 2097152 0
3.787791 2097152 0
8.098592 2097152 0
13.429479 2097152 0
18.008314 2097152 0
3.728706 2097152 0
7.967336 2097152 0
11.778201 2097152 0
17.276866 2097152 0
4.414941 2097152 0
9.287586 2097152 0
14.075209 2097152 0
18.590531 2097152 0
3.370748 2097152 0
7.273331 2097152 0
10.060739 2097152 0
15.668167 2097152 0
5.808870 2097152 0
11.528265 2097152 0
18.159959 2097152 0
23.055530 2097152 0
3.845031 2097152 0
8.046027 2097152 0
12.380326 2097152 0
17.555535 2097152 0
3.419855 2097152 0
6.960451 2097152 0
12.760040 2097152 0
18.669540 2097152 0
4.332835 2097152 0
9.531026 2097152 0
13.478972 2097152 0
19.771671 2097152 0
3.423055 2097152 0
6.916995 2097152 0
10.570064 2097152 0
15.987020 2097152 0
3.771460 2097152 0
8.881862 2097152 0
14.416866 2097152 0
21.314273 2097152 0
3.908906 2097152 0
8.232014 2097152 0
12.183729 2097152 0
17.583115 2097152 0
7.693021 2097152 0
13.497498 2097152 0
17.864259 2097152 0
22.992208 2097152 0
7.175181 2097152 0
11.516876 2097152 0
15.947817 2097152 0
21.141582 2097152 0
4.478802 2097152 0
9.982907 2097152 0
14.897040 2097152 0
18.834725 2097152 0
3.703287 2097152 0
7.251540 2097152 0
11.969710 2097152 0
16.907884 2097152 0
3.856257 2097152 0
8.272995 2097152 0
12.970262 2097152 0
17.341850 2097152 0
3.632769 2097152 0
8.079642 2097152 0
12.571183 2097152 0
17.298761 2097152 0
4.502915 2097152 0
8.818034 2097152 0
14.449781 2097152 0
19.313197 2097152 0
3.374978 2097152 0
6.908148 2097152 0
12.055897 2097152 0
17.465721 2097152 0
6.432708 2097152 0
10.975856 2097152 0
15.231722 2097152 0
20.510094 2097152 0
4.010232 2097152 0
8.234230 2097152 0
12.026775 2097152 0
16.562968 2097152 0
3.694040 2097152 0
7.913550 2097152 0
12.172818 2097152 0
16.523318 2097152 0
3.866599 2097152 0
8.438663 2097152 0
12.750925 2097152 0
17.220130 2097152 0
3.716984 2097152 0
8.062295 2097152 0
13.798737 2097152 0
18.132473 2097152 0
3.934172 2097152 0
8.390993 2097152 0
12.704292 2097152 0
18.187113 2097152 0
5.143792 2097152 0
9.830157 2097152 0
15.504227 2097152 0
19.984879 2097152 0
6.271239 2097152 0
9.875392 2097152 0
14.574744 2097152 0
20.083284 2097152 0
4.299834 2097152 0
8.582804 2097152 0
14.110308 2097152 0
19.163602 2097152 0
6.300849 2097152 0
10.844641 2097152 0
14.486897 2097152 0
19.006336 2097152 0
4.001473 2097152 0
9.574281 2097152 0
13.704226 2097152 0
19.172784 2097152 0
3.396129 2097152 0
6.999899 2097152 0
10.710575 2097152 0
16.071198 2097152 0
6.012122 2097152 0
11.787389 2097152 0
16.010361 2097152 0
21.229656 2097152 0
3.478999 2097152 0
6.381467 2097152 0
11.035534 2097152 0
16.117487 2097152 0
3.655485 2097152 0
7.232905 2097152 0
11.039725 2097152 0
15.867634 2097152 0
4.883282 2097152 0
10.286835 2097152 0
14.674736 2097152 0
19.644595 2097152 0
3.980554 2097152 0
7.569631 2097152 0
12.303996 2097152 0
18.363878 2097152 0
5.268176 2097152 0
10.766643 2097152 0
14.193431 2097152 0
18.659909 2097152 0
3.455906 2097152 0
7.487545 2097152 0
11.221521 2097152 0
15.821391 2097152 0
3.486679 2097152 0
6.873214 2097152 0
11.138447 2097152 0
17.300728 2097152 0
4.886382 2097152 0
9.724172 2097152 0
13.884473 2097152 0
18.679561 2097152 0
3.739811 2097152 0
9.055701 2097152 0
12.153976 2097152 0
16.687577 2097152 0
3.688514 2097152 0
7.722120 2097152 0
12.203163 2097152 0
17.194852 2097152 0
3.528129 2097152 0
8.536433 2097152 0
11.729538 2097152 0
16.248665 2097152 0
3.684571 2097152 0
8.345266 2097152 0
12.850872 2097152 0
17.333468 2097152 0
3.927091 2097152 0
8.381715 2097152 0
12.510682 2097152 0
16.964131 2097152 0
4.534959 2097152 0
9.743200 2097152 0
14.956789 2097152 0
20.252685 2097152 0
3.623277 2097152 0
8.191093 2097152 0
13.336104 2097152 0
17.379693 2097152 0
3.856784 2097152 0
6.792588 2097152 0
11.528101 2097152 0
17.749699 2097152 0
3.412421 2097152 0
8.230526 2097152 0
13.915040 2097152 0
20.158246 2097152 0
3.985065 2097152 0
7.445687 2097152 0
13.642380 2097152 0
19.163834 2097152 0
5.522145 2097152 0
11.051730 2097152 0
15.722823 2097152 0
20.259618 2097152 0
3.359742 2097152 0
6.741265 2097152 0
10.305914 2097152 0
15.014920 2097152 0
6.421308 2097152 0
11.531775 2097152 0
15.478019 2097152 0
19.150829 2097152 0
3.731506 2097152 0
7.929755 2097152 0
11.441698 2097152 0
15.791059 2097152 0
6.241558 2097152 0
9.679905 2097152 0
14.011481 2097152 0
19.421812 2097152 0
3.903571 2097152 0
8.539558 2097152 0
14.064873 2097152 0
19.058746 2097152 0
3.475884 2097152 0
7.063327 2097152 0
12.501557 2097152 0
17.165258 2097152 0
5.319632 2097152 0
10.336180 2097152 0
14.909638 2097152 0
20.646899 2097152 0
3.697505 2097152 0
7.903915 2097152 0
12.222740 2097152 0
17.472628 2097152 0
3.840419 2097152 0
7.891047 2097152 0
11.247659 2097152 0
15.864563 2097152 0
3.739600 2097152 0
7.940656 2097152 0
11.360976 2097152 0
15.799142 2097152 0
5.199583 2097152 0
11.370531 2097152 0
16.576083 2097152 0
21.871603 2097152 0
3.328065 2097152 0
8.161295 2097152 0
12.479215 2097152 0
18.466494 2097152 0
4.821056 2097152 0
9.280287 2097152 0
14.325409 2097152 0
19.392074 2097152 0
3.960716 2097152 0
9.000453 2097152 0
14.213399 2097152 0
18.618205 2097152 0
3.430199 2097152 0
6.988696 2097152 0
10.076202 2097152 0
14.672136 2097152 0
3.846195 2097152 0
8.373488 2097152 0
13.020339 2097152 0
17.482480 2097152 0
3.841406 2097152 0
7.832320 2097152 0
12.956070 2097152 0
16.423188 2097152 0
5.229572 2097152 0
9.393625 2097152 0
11.812166 2097152 0
17.585717 2097152 0
3.323555 2097152 0
6.844094 2097152 0
10.737197 2097152 0
15.513277 2097152 0
5.395079 2097152 0
9.717159 2097152 0
14.729667 2097152 0
19.583342 2097152 0
3.364486 2097152 0
7.022713 2097152 0
12.978053 2097152 0
18.036722 2097152 0
6.231661 2097152 0
11.413705 2097152 0
16.529717 2097152 0
20.688982 2097152 0
3.364474 2097152 0
6.736265 2097152 0
10.763088 2097152 0
14.466141 2097152 0
5.571290 2097152 0
10.644287 2097152 0
15.607779 2097152 0
19.139715 2097152 0
3.334824 2097152 0
8.383135 2097152 0
12.577370 2097152 0
18.108084 2097152 0
4.864857 2097152 0
9.897071 2097152 0
15.715783 2097152 0
21.769521 2097152 0
3.739522 2097152 0
6.902834 2097152 0
12.143216 2097152 0
17.141499 2097152 0
3.873057 2097152 0
8.104081 2097152 0
13.099935 2097152 0
19.187974 2097152 0
5.944131 2097152 0
11.449490 2097152 0
15.763090 2097152 0
19.831452 2097152 0
3.774054 2097152 0
8.804400 2097152 0
13.005587 2097152 0
17.421643 2097152 0
3.784492 2097152 0
8.116229 2097152 0
12.280878 2097152 0
16.948395 2097152 0
3.743241 2097152 0
9.250490 2097152 0
14.717469 2097152 0
19.130934 2097152 0
5.484872 2097152 0
10.220565 2097152 0
14.494660 2097152 0
20.388231 2097152 0
4.081705 2097152 0
9.798105 2097152 0
15.902171 2097152 0
20.488755 2097152 0
6.516102 2097152 0
12.003947 2097152 0
16.565706 2097152 0
22.176169 2097152 0
5.452897 2097152 0
9.913532 2097152 0
15.013307 2097152 0
21.183172 2097152 0
5.426907 2097152 0
10.544492 2097152 0
15.639157 2097152 0
21.146302 2097152 0
5.122286 2097152 0
7.851448 2097152 0
13.530286 2097152 0
19.125018 2097152 0
4.300712 2097152 0
8.508032 2097152 0
13.457719 2097152 0
19.427317 2097152 0
5.415914 2097152 0
11.944484 2097152 0
16.089810 2097152 0
20.921143 2097152 0
3.354868 2097152 0
6.707433 2097152 0
12.135710 2097152 0
16.769234 2097152 0
3.549166 2097152 0
7.420069 2097152 0
11.921994 2097152 0
16.789566 2097152 0
3.753850 2097152 0
7.505614 2097152 0
11.675282 2097152 0
16.513413 2097152 0
4.369272 2097152 0
9.314970 2097152 0
14.298708 2097152 0
18.929452 2097152 0
4.962455 2097152 0
9.467133 2097152 0
12.903171 2097152 0
18.420879 2097152 0
4.631084 2097152 0
9.246534 2097152 0
13.163387 2097152 0
17.537505 2097152 0
4.380725 2097152 0
8.692118 2097152 0
13.589953 2097152 0
18.766610 2097152 0
4.683741 2097152 0
8.680795 2097152 0
13.242419 2097152 0
18.836481 2097152 0
4.483750 2097152 0
10.626096 2097152 0
15.720578 2097152 0
18.957310 2097152 0
6.388749 2097152 0
11.777643 2097152 0
16.414756 2097152 0
22.826302 2097152 0
5.189835 2097152 0
10.019215 2097152 0
15.308937 2097152 0
19.767417 2097152 0
3.692838 2097152 0
8.509030 2097152 0
12.460214 2097152 0
19.899521 2097152 0
3.778134 2097152 0
7.559510 2097152 0
11.939819 2097152 0
17.400287 2097152 0
3.544892 2097152 0
7.333899 2097152 0
12.983308 2097152 0
20.174731 2097152 0
3.323969 2097152 0
6.539726 2097152 0
10.919794 2097152 0
15.558294 2097152 0
4.883124 2097152 0
9.650389 2097152 0
14.020618 2097152 0
18.796526 2097152 0
5.957215 2097152 0
10.942734 2097152 0
14.942741 2097152 0
19.710681 2097152 0
3.338054 2097152 0
6.975051 2097152 0
10.633702 2097152 0
15.192579 2097152 0
5.313787 2097152 0
11.148300 2097152 0
15.349472 2097152 0
19.472517 2097152 0
5.088644 2097152 0
9.727793 2097152 0
13.588724 2097152 0
18.333956 2097152 0
3.412038 2097152 0
6.925745 2097152 0
11.432107 2097152 0
16.957394 2097152 0
3.786499 2097152 0
8.580874 2097152 0
12.922990 2097152 0
17.422710 2097152 0
3.860924 2097152 0
8.445237 2097152 0
13.782749 2097152 0
18.246642 2097152 0
5.282427 2097152 0
11.523023 2097152 0
16.092296 2097152 0
20.053047 2097152 0
5.570621 2097152 0
10.052643 2097152 0
15.146143 2097152 0
20.636176 2097152 0
3.930347 2097152 0
8.245388 2097152 0
13.412032 2097152 0
17.537022 2097152 0
4.812878 2097152 0
11.339328 2097152 0
15.894503 2097152 0
20.894166 2097152 0
3.639371 2097152 0
7.244180 2097152 0
11.204344 2097152 0
16.548204 2097152 0
3.943178 2097152 0
7.577632 2097152 0
12.171535 2097152 0
18.150689 2097152 0
4.332131 2097152 0
8.382092 2097152 0
14.774449 2097152 0
19.394047 2097152 0
4.664407 2097152 0
9.042018 2097152 0
13.621130 2097152 0
18.422807 2097152 0
3.548485 2097152 0
7.056852 2097152 0
11.775658 2097152 0
17.090607 2097152 0
4.840296 2097152 0
8.914366 2097152 0
13.365611 2097152 0
19.542635 2097152 0
5.787622 2097152 0
10.499314 2097152 0
14.983542 2097152 0
20.727248 2097152 0
3.969659 2097152 0
8.822294 2097152 0
13.540788 2097152 0
18.977345 2097152 0
6.235729 2097152 0
11.962069 2097152 0
17.537031 2097152 0
22.020885 2097152 0
4.601579 2097152 0
9.119387 2097152 0
15.017468 2097152 0
20.616664 2097152 0
4.018636 2097152 0
8.969632 2097152 0
16.410613 2097152 0
21.173597 2097152 0
4.886685 2097152 0
9.827142 2097152 0
15.233161 2097152 0
21.516339 2097152 0
6.011117 2097152 0
10.915006 2097152 0
14.855364 2097152 0
20.262181 2097152 0
3.400298 2097152 0
7.999578 2097152 0
13.097413 2097152 0
17.909067 2097152 0
4.171827 2097152 0
7.890233 2097152 0
13.521800 2097152 0
18.494488 2097152 0
3.666176 2097152 0
6.955448 2097152 0
11.424415 2097152 0
16.012584 2097152 0
4.452789 2097152 0
8.127128 2097152 0
14.621604 2097152 0
19.683867 2097152 0
4.058852 2097152 0
8.766235 2097152 0
14.596872 2097152 0
19.394319 2097152 0
3.775917 2097152 0
7.202368 2097152 0
11.539003 2097152 0
16.418111 2097152 0
4.958746 2097152 0
10.315542 2097152 0
15.067420 2097152 0
20.511252 2097152 0
3.949409 2097152 0
9.133268 2097152 0
12.906806 2097152 0
18.026395 2097152 0
5.205202 2097152 0
10.298516 2097152 0
15.055914 2097152 0
19.276908 2097152 0
3.719339 2097152 0
7.887003 2097152 0
11.954939 2097152 0
16.853633 2097152 0
4.811212 2097152 0
9.816608 2097152 0
14.788754 2097152 0
19.299158 2097152 0
7.363035 2097152 0
12.515378 2097152 0
16.833956 2097152 0
21.545891 2097152 0
5.841627 2097152 0
10.323824 2097152 0
14.671524 2097152 0
19.476885 2097152 0
3.701053 2097152 0
7.460563 2097152 0
11.657967 2097152 0
16.952855 2097152 0
3.832787 2097152 0
9.823080 2097152 0
14.580470 2097152 0
19.476176 2097152 0
3.798561 2097152 0
8.984147 2097152 0
13.469792 2097152 0
18.421567 2097152 0
3.347781 2097152 0
6.910461 2097152 0
11.159700 2097152 0
17.653461 2097152 0
3.419531 2097152 0
7.657435 2097152 0
12.278236 2097152 0
16.726925 2097152 0
5.379977 2097152 0
8.914561 2097152 0
13.648704 2097152 0
18.017004 2097152 0
3.484574 2097152 0
6.898940 2097152 0
13.093840 2097152 0
18.047440 2097152 0
3.360018 2097152 0
6.534678 2097152 0
11.983702 2097152 0
17.393281 2097152 0
3.421315 2097152 0
6.757096 2097152 0
10.089359 2097152 0
14.540961 2097152 0
6.461266 2097152 0
11.001286 2097152 0
14.787577 2097152 0
20.789786 2097152 0
3.321859 2097152 0
6.481719 2097152 0
10.827417 2097152 0
14.538222 2097152 0
5.812299 2097152 0
10.435669 2097152 0
16.009496 2097152 0
20.894219 2097152 0
3.863120 2097152 0
8.438703 2097152 0
12.694420 2097152 0
17.196402 2097152 0
4.366427 2097152 0
8.588440 2097152 0
15.047815 2097152 0
19.560284 2097152 0
4.114542 2097152 0
8.587606 2097152 0
14.115357 2097152 0
19.274389 2097152 0
3.715410 2097152 0
8.001348 2097152 0
13.082490 2097152 0
18.979350 2097152 0
3.728740 2097152 0
7.961018 2097152 0
11.992476 2097152 0
16.508465 2097152 0
5.200848 2097152 0
9.309448 2097152 0
13.347954 2097152 0
18.158460 2097152 0
5.471369 2097152 0
9.772655 2097152 0
13.754910 2097152 0
18.434583 2097152 0
3.323816 2097152 0
8.115291 2097152 0
13.483832 2097152 0
18.946938 2097152 0
3.413661 2097152 0
9.058033 2097152 0
13.659266 2097152 0
17.260669 2097152 0
3.654925 2097152 0
7.399707 2097152 0
13.395012 2097152 0
18.115932 2097152 0
3.711628 2097152 0
8.773626 2097152 0
13.474361 2097152 0
20.302302 2097152 0
4.003599 2097152 0
10.025452 2097152 0
16.101391 2097152 0
21.662675 2097152 0
3.562872 2097152 0
8.021363 2097152 0
14.837063 2097152 0
19.633445 2097152 0
3.739659 2097152 0
8.987807 2097152 0
16.021912 2097152 0
21.272017 2097152 0
3.660317 2097152 0
7.860579 2097152 0
12.847506 2097152 0
17.332238 2097152 0
3.904344 2097152 0
7.847190 2097152 0
12.203272 2097152 0
17.119103 2097152 0
3.719413 2097152 0
7.818058 2097152 0
11.993257 2097152 0
17.290238 2097152 0
3.907897 2097152 0
8.816886 2097152 0
14.572267 2097152 0
18.885499 2097152 0
6.460762 2097152 0
11.265670 2097152 0
15.662442 2097152 0
19.919101 2097152 0
3.849935 2097152 0
8.084382 2097152 0
11.623021 2097152 0
17.170916 2097152 0
3.325152 2097152 0
6.671749 2097152 0
10.290542 2097152 0
15.650645 2097152 0
6.008173 2097152 0
11.464484 2097152 0
15.629837 2097152 0
20.152734 2097152 0
4.833421 2097152 0
8.955325 2097152 0
12.475492 2097152 0
17.102206 2097152 0
5.593034 2097152 0
10.702863 2097152 0
15.806955 2097152 0
19.011419 2097152 0
4.313383 2097152 0
8.453747 2097152 0
12.598669 2097152 0
17.019556 2097152 0
5.469370 2097152 0
9.292547 2097152 0
12.928429 2097152 0
18.137319 2097152 0
3.313454 2097152 0
8.769616 2097152 0
12.913043 2097152 0
19.518351 2097152 0
3.460122 2097152 0
5.843199 2097152 0
11.572071 2097152 0
16.528166 2097152 0
3.579434 2097152 0
6.987303 2097152 0
12.198162 2097152 0
16.671711 2097152 0
3.387654 2097152 0
6.504780 2097152 0
11.091941 2097152 0
15.652562 2097152 0
3.371843 2097152 0
7.223005 2097152 0
11.685793 2097152 0
16.256197 2097152 0
5.181915 2097152 0
10.610688 2097152 0
14.687125 2097152 0
19.244394 2097152 0
3.351420 2097152 0
7.217833 2097152 0
11.489159 2097152 0
16.714532 2097152 0
3.460840 2097152 0
7.001511 2097152 0
11.405248 2097152 0
15.272390 2097152 0
3.823433 2097152 0
8.865466 2097152 0
13.345181 2097152 0
19.172345 2097152 0
4.047578 2097152 0
9.565785 2097152 0
13.843758 2097152 0
17.551686 2097152 0
4.287519 2097152 0
10.530902 2097152 0
15.314956 2097152 0
20.533606 2097152 0
4.271443 2097152 0
9.184331 2097152 0
13.528511 2097152 0
18.006262 2097152 0
5.254961 2097152 0
11.477046 2097152 0
15.284175 2097152 0
19.787084 2097152 0
3.386518 2097152 0
6.981618 2097152 0
12.493546 2097152 0
16.099994 2097152 0
3.691516 2097152 0
8.941090 2097152 0
13.205395 2097152 0
17.502549 2097152 0
3.705018 2097152 0
7.798341 2097152 0
11.987413 2097152 0
16.640867 2097152 0
3.323456 2097152 0
6.482007 2097152 0
11.638268 2097152 0
16.427159 2097152 0
3.676279 2097152 0
7.987262 2097152 0
12.073337 2097152 0
16.782135 2097152 0
6.302545 2097152 0
11.324021 2097152 0
15.855176 2097152 0
21.153364 2097152 0
3.831445 2097152 0
7.904961 2097152 0
13.794483 2097152 0
19.197685 2097152 0
3.829157 2097152 0
8.695006 2097152 0
13.057500 2097152 0
18.689416 2097152 0
3.333150 2097152 0
6.894600 2097152 0
11.263883 2097152 0
14.705646 2097152 0
6.254002 2097152 0
11.238992 2097152 0
16.774509 2097152 0
21.208537 2097152 0
4.040601 2097152 0
7.544874 2097152 0
12.041000 2097152 0
17.252344 2097152 0
3.777045 2097152 0
9.734983 2097152 0
14.898145 2097152 0
19.907195 2097152 0
3.676528 2097152 0
8.010850 2097152 0
13.082833 2097152 0
19.288393 2097152 0
3.787927 2097152 0
8.932371 2097152 0
14.360355 2097152 0
20.399390 2097152 0
6.022895 2097152 0
10.537324 2097152 0
14.434275 2097152 0
17.971309 2097152 0
4.332546 2097152 0
8.646840 2097152 0
13.798147 2097152 0
18.089286 2097152 0
3.563325 2097152 0
6.912107 2097152 0
10.224282 2097152 0
15.973215 2097152 0
4.154236 2097152 0
9.543778 2097152 0
14.128839 2097152 0
18.745330 2097152 0
3.709237 2097152 0
7.925273 2097152 0
11.727984 2097152 0
17.234690 2097152 0
3.725359 2097152 0
8.721203 2097152 0
12.870091 2097152 0
18.115963 2097152 0
3.776510 2097152 0
10.544885 2097152 0
16.450239 2097152 0
21.830515 2097152 0
4.032720 2097152 0
8.175802 2097152 0
11.930231 2097152 0
16.723383 2097152 0
4.759898 2097152 0
8.533406 2097152 0
11.782391 2097152 0
14.922738 2097152 0
