0.249390 655360 0
0.230843 655360 0
0.236774 655360 0
0.256893 655360 0
0.191209 655360 0
0.188029 655360 0
0.188111 655360 0
0.304184 655360 0
0.210201 655360 0
0.178516 655360 0
0.184291 655360 0
0.218143 655360 0
0.205323 655360 0
0.188252 655360 0
0.189759 655360 0
0.256080 655360 0
0.184536 655360 0
0.266973 655360 0
0.193190 655360 0
0.255640 655360 0
0.240237 655360 0
0.199379 655360 0
0.191026 655360 0
0.183693 655360 0
0.178539 655360 0
0.178336 655360 0
0.187779 655360 0
0.240741 655360 0
0.163702 655360 0
0.185689 655360 0
0.202365 655360 0
0.266260 655360 0
0.260225 655360 0
0.201557 655360 0
0.327136 655360 0
0.184036 655360 0
0.216661 655360 0
0.270086 655360 0
0.180213 655360 0
0.193338 655360 0
0.213278 655360 0
0.181466 655360 0
0.185867 655360 0
0.232057 655360 0
0.198051 655360 0
0.189033 655360 0
0.191937 655360 0
0.257115 655360 0
0.210173 655360 0
0.187484 655360 0
0.216027 655360 0
0.282645 655360 0
0.233281 655360 0
0.245642 655360 0
0.248995 655360 0
0.203475 655360 0
0.171873 655360 0
0.172882 655360 0
0.180123 655360 0
0.178344 655360 0
0.190235 655360 0
0.178023 655360 0
0.252514 655360 0
0.364885 655360 0
0.194672 655360 0
0.228671 655360 0
0.192331 655360 0
0.305769 655360 0
0.201439 655360 0
0.190561 655360 0
0.183336 655360 0
0.164539 655360 0
0.181665 655360 0
0.188014 655360 0
0.182643 655360 0
0.244572 655360 0
0.183981 655360 0
0.209950 655360 0
0.267151 655360 0
0.207189 655360 0
0.214282 655360 0
0.287824 655360 0
0.205241 655360 0
0.266651 655360 0
0.172322 655360 0
0.201031 655360 0
0.184344 655360 0
0.183955 655360 0
0.181390 655360 0
0.185512 655360 0
0.193374 655360 0
0.258010 655360 0
0.214330 655360 0
0.251986 655360 0
0.190031 655360 0
0.253087 655360 0
0.189384 655360 0
0.191044 655360 0
0.268852 655360 0
0.187276 655360 0
0.177058 655360 0
0.188723 655360 0
0.186178 655360 0
0.181254 655360 0
0.187991 655360 0
0.211939 655360 0
0.186595 655360 0
0.244237 655360 0
0.195287 655360 0
0.181847 655360 0
0.178975 655360 0
0.240711 655360 0
0.165646 655360 0
0.186530 655360 0
0.709369 655360 0
0.787282 655360 0
0.190595 655360 0
0.184182 655360 0
0.207647 655360 0
0.171078 655360 0
0.187543 655360 0
0.182636 655360 0
0.203031 655360 0
0.277343 655360 0
0.237961 655360 0
0.187611 655360 0
0.215334 655360 0
0.297396 655360 0
0.202774 655360 0
0.260532 655360 0
0.344875 655360 0
0.189555 655360 0
0.186342 655360 0
0.246236 655360 0
0.192911 655360 0
0.261771 655360 0
0.216033 655360 0
0.183146 655360 0
0.183281 655360 0
0.254390 655360 0
0.172351 655360 0
0.181209 655360 0
0.174964 655360 0
0.173131 655360 0
0.200307 655360 0
0.230117 655360 0
0.183840 655360 0
0.255923 655360 0
0.188090 655360 0
0.187164 655360 0
0.291277 655360 0
0.397978 655360 0
0.338717 655360 0
0.177610 655360 0
0.252425 655360 0
0.364338 655360 0
0.191938 655360 0
0.195232 655360 0
0.239055 655360 0
0.192246 655360 0
0.240674 655360 0
0.223860 655360 0
0.219776 655360 0
0.223596 655360 0
0.176229 655360 0
0.184977 655360 0
0.187876 655360 0
0.251801 655360 0
0.191598 655360 0
0.191181 655360 0
0.256603 655360 0
0.323503 655360 0
0.217335 655360 0
0.194840 655360 0
0.203522 655360 0
0.257603 655360 0
0.203030 655360 0
0.201282 655360 0
0.189389 655360 0
0.179736 655360 0
0.307271 655360 0
0.193680 655360 0
0.208585 655360 0
0.193628 655360 0
0.183988 655360 0
0.211126 655360 0
0.192577 655360 0
0.180934 655360 0
0.234582 655360 0
0.196077 655360 0
0.263943 655360 0
0.843750 655360 0
0.190088 655360 0
0.196796 655360 0
0.193919 655360 0
0.212005 655360 0
0.193986 655360 0
0.260224 655360 0
0.217618 655360 0
0.298853 655360 0
0.173237 655360 0
0.289893 655360 0
0.268809 655360 0
0.192206 655360 0
0.219562 655360 0
0.193638 655360 0
0.189968 655360 0
0.245943 655360 0
0.201299 655360 0
0.188650 655360 0
0.177682 655360 0
0.236378 655360 0
0.207876 655360 0
0.292075 655360 0
0.182023 655360 0
0.327805 655360 0
0.180464 655360 0
0.198360 655360 0
0.189836 655360 0
0.254249 655360 0
0.169246 655360 0
0.170789 655360 0
0.168367 655360 0
0.178801 655360 0
0.188872 655360 0
0.187241 655360 0
0.177989 655360 0
0.182706 655360 0
0.184150 655360 0
0.179923 655360 0
0.185457 655360 0
0.248851 655360 0
0.170638 655360 0
0.467349 655360 0
0.288031 655360 0
0.191725 655360 0
0.189886 655360 0
0.204467 655360 0
0.256101 655360 0
0.315894 655360 0
0.326965 655360 0
0.220780 655360 0
0.186066 655360 0
0.259509 655360 0
0.189802 655360 0
0.183110 655360 0
0.182193 655360 0
0.343324 655360 0
0.168061 655360 0
0.271428 655360 0
0.177811 655360 0
0.170608 655360 0
0.266695 655360 0
0.191751 655360 0
0.176349 655360 0
0.233790 655360 0
0.254113 655360 0
0.212042 655360 0
0.192139 655360 0
0.230508 655360 0
0.251122 655360 0
0.277568 655360 0
0.268561 655360 0
0.383378 655360 0
0.238680 655360 0
0.308522 655360 0
0.218993 655360 0
0.301458 655360 0
0.184423 655360 0
0.175373 655360 0
0.185077 655360 0
0.241021 655360 0
0.173329 655360 0
0.191699 655360 0
0.182325 655360 0
0.249963 655360 0
0.182441 655360 0
0.175537 655360 0
0.174302 655360 0
0.527911 655360 0
0.189785 655360 0
0.187068 655360 0
0.174168 655360 0
0.232397 655360 0
0.193815 655360 0
0.191236 655360 0
0.186444 655360 0
0.248769 655360 0
0.185774 655360 0
0.276381 655360 0
0.192117 655360 0
0.251400 655360 0
0.244718 655360 0
0.257483 655360 0
0.203557 655360 0
0.187520 655360 0
0.197880 655360 0
0.197073 655360 0
0.182003 655360 0
0.270568 655360 0
0.395907 655360 0
0.192554 655360 0
0.194448 655360 0
0.195625 655360 0
0.179064 655360 0
0.246662 655360 0
0.201805 655360 0
0.264633 655360 0
0.224155 655360 0
0.181455 655360 0
0.181293 655360 0
0.174908 655360 0
0.199518 655360 0
0.205869 655360 0
0.193284 655360 0
0.257859 655360 0
0.325236 655360 0
0.191797 655360 0
0.283779 655360 0
0.186949 655360 0
0.183646 655360 0
0.278490 655360 0
0.180203 655360 0
0.173891 655360 0
0.210603 655360 0
0.187141 655360 0
0.208921 655360 0
0.277571 655360 0
0.205088 655360 0
0.182782 655360 0
0.196455 655360 0
0.262717 655360 0
0.211034 655360 0
0.203156 655360 0
0.191312 655360 0
0.174403 655360 0
0.240489 655360 0
0.229962 655360 0
0.189262 655360 0
0.199998 655360 0
0.187936 655360 0
0.197944 655360 0
0.261685 655360 0
0.192433 655360 0
0.220393 655360 0
0.219622 655360 0
0.196436 655360 0
0.213120 655360 0
0.178463 655360 0
0.187529 655360 0
0.191419 655360 0
0.185995 655360 0
0.190305 655360 0
0.194697 655360 0
0.193477 655360 0
0.191123 655360 0
0.259968 655360 0
0.202735 655360 0
0.261335 655360 0
0.383540 655360 0
0.215362 655360 0
0.212320 655360 0
0.199743 655360 0
0.271671 655360 0
0.184270 655360 0
0.175394 655360 0
0.185792 655360 0
0.241838 655360 0
0.209020 655360 0
0.201961 655360 0
0.263438 655360 0
0.349731 655360 0
0.199572 655360 0
0.202705 655360 0
0.201465 655360 0
0.261269 655360 0
0.211859 655360 0
0.197050 655360 0
0.196129 655360 0
0.197152 655360 0
0.202519 655360 0
0.207931 655360 0
0.266716 655360 0
0.197377 655360 0
0.203564 655360 0
0.224265 655360 0
0.183181 655360 0
0.194464 655360 0
0.192363 655360 0
0.196748 655360 0
0.197940 655360 0
0.268948 655360 0
0.220420 655360 0
0.294704 655360 0
0.192340 655360 0
0.261932 655360 0
0.176499 655360 0
0.180211 655360 0
0.208418 655360 0
0.215748 655360 0
0.222370 655360 0
0.197664 655360 0
0.189038 655360 0
0.277523 655360 0
0.276363 655360 0
0.221330 655360 0
0.203874 655360 0
0.196258 655360 0
0.195104 655360 0
0.212325 655360 0
0.207788 655360 0
0.376620 655360 0
0.190990 655360 0
0.233750 655360 0
0.189350 655360 0
0.188751 655360 0
0.228524 655360 0
0.437203 655360 0
0.226117 655360 0
0.206621 655360 0
0.203777 655360 0
0.390071 655360 0
0.195982 655360 0
0.264403 655360 0
0.192915 655360 0
0.193182 655360 0
0.198833 655360 0
0.266215 655360 0
0.205673 655360 0
0.369919 655360 0
0.208867 655360 0
0.263898 655360 0
0.236173 655360 0
0.409523 655360 0
0.265893 655360 0
0.186235 655360 0
0.195526 655360 0
0.208049 655360 0
0.192308 655360 0
0.255892 655360 0
0.261305 655360 0
0.198857 655360 0
0.193295 655360 0
0.259683 655360 0
0.180979 655360 0
0.197087 655360 0
0.276012 655360 0
0.202475 655360 0
0.201248 655360 0
0.193379 655360 0
0.233131 655360 0
0.320703 655360 0
0.245791 655360 0
0.208206 655360 0
0.219512 655360 0
0.201853 655360 0
0.262760 655360 0
0.205356 655360 0
0.197122 655360 0
0.269065 655360 0
0.187755 655360 0
0.175920 655360 0
0.171473 655360 0
0.189222 655360 0
0.204549 655360 0
0.294961 655360 0
0.225381 655360 0
0.308822 655360 0
0.179899 655360 0
0.192943 655360 0
0.291405 655360 0
0.198834 655360 0
0.212871 655360 0
0.436866 655360 0
0.209093 655360 0
0.185596 655360 0
0.211264 655360 0
0.369540 655360 0
0.215665 655360 0
0.207811 655360 0
0.264626 655360 0
0.189552 655360 0
0.203636 655360 0
0.275699 655360 0
0.212869 655360 0
0.218179 655360 0
0.196869 655360 0
0.262224 655360 0
0.282671 655360 0
0.215676 655360 0
0.203426 655360 0
0.282789 655360 0
0.169543 655360 0
0.392417 655360 0
0.168223 655360 0
0.183847 655360 0
0.189316 655360 0
0.192163 655360 0
0.249232 655360 0
0.179713 655360 0
0.196113 655360 0
0.196567 655360 0
0.307553 655360 0
0.181221 655360 0
0.185566 655360 0
0.192833 655360 0
0.207829 655360 0
0.364184 655360 0
0.223841 655360 0
0.411093 655360 0
0.209173 655360 0
0.196019 655360 0
0.191073 655360 0
0.399756 655360 0
0.192713 655360 0
0.188111 655360 0
0.272289 655360 0
0.193094 655360 0
0.266221 655360 0
0.188616 655360 0
0.236192 655360 0
0.243711 655360 0
0.425267 655360 0
0.190518 655360 0
0.187971 655360 0
0.211827 655360 0
0.451864 655360 0
0.200040 655360 0
0.185158 655360 0
0.186124 655360 0
0.204898 655360 0
0.274823 655360 0
0.250747 655360 0
0.281445 655360 0
0.229740 655360 0
0.312399 655360 0
0.230353 655360 0
0.227877 655360 0
0.193012 655360 0
0.265112 655360 0
0.316474 655360 0
0.197952 655360 0
0.205851 655360 0
0.261519 655360 0
0.214017 655360 0
0.186316 655360 0
0.287703 655360 0
0.197003 655360 0
0.192856 655360 0
0.205703 655360 0
0.270383 655360 0
0.203627 655360 0
0.190388 655360 0
0.204133 655360 0
0.202842 655360 0
0.260144 655360 0
0.190260 655360 0
0.173317 655360 0
0.170424 655360 0
0.176602 655360 0
0.181773 655360 0
0.189721 655360 0
0.191196 655360 0
0.249830 655360 0
0.179953 655360 0
0.186896 655360 0
0.193363 655360 0
0.253983 655360 0
0.210714 655360 0
0.194186 655360 0
0.255093 655360 0
0.341945 655360 0
0.232561 655360 0
0.204177 655360 0
0.199882 655360 0
0.268127 655360 0
0.220805 655360 0
0.196142 655360 0
0.194065 655360 0
0.270440 655360 0
0.191312 655360 0
0.193270 655360 0
0.192597 655360 0
0.256047 655360 0
0.183231 655360 0
0.197420 655360 0
0.226090 655360 0
0.307977 655360 0
0.207182 655360 0
0.206468 655360 0
0.204059 655360 0
0.277400 655360 0
0.176306 655360 0
0.196113 655360 0
0.201253 655360 0
0.285340 655360 0
0.231844 655360 0
0.198654 655360 0
0.205884 655360 0
0.269379 655360 0
0.210783 655360 0
0.205535 655360 0
0.258176 655360 0
0.206161 655360 0
0.195708 655360 0
0.199203 655360 0
0.212552 655360 0
0.283798 655360 0
0.207074 655360 0
0.187685 655360 0
0.252532 655360 0
0.338007 655360 0
0.248076 655360 0
0.271424 655360 0
0.258989 655360 0
0.287296 655360 0
0.216685 655360 0
0.253073 655360 0
0.244778 655360 0
0.196082 655360 0
0.178835 655360 0
0.282805 655360 0
0.292203 655360 0
0.190892 655360 0
0.178766 655360 0
0.178756 655360 0
0.187477 655360 0
0.259408 655360 0
0.194005 655360 0
0.437217 655360 0
0.248196 655360 0
0.260996 655360 0
0.281364 655360 0
0.196438 655360 0
0.223192 655360 0
0.300811 655360 0
0.201626 655360 0
0.195941 655360 0
0.179531 655360 0
0.239852 655360 0
0.192037 655360 0
0.198176 655360 0
0.194054 655360 0
0.258651 655360 0
0.254301 655360 0
0.193263 655360 0
0.202390 655360 0
0.265737 655360 0
0.190046 655360 0
0.187140 655360 0
0.194706 655360 0
0.257977 655360 0
0.200085 655360 0
0.203480 655360 0
0.194472 655360 0
0.256285 655360 0
0.193047 655360 0
0.187655 655360 0
0.197649 655360 0
0.260231 655360 0
0.169389 655360 0
0.170698 655360 0
0.168969 655360 0
0.189712 655360 0
0.181945 655360 0
0.207639 655360 0
0.205661 655360 0
0.256629 655360 0
0.252735 655360 0
0.197990 655360 0
0.205137 655360 0
0.258362 655360 0
0.192542 655360 0
0.190843 655360 0
0.205123 655360 0
0.263690 655360 0
0.184550 655360 0
0.189072 655360 0
0.189239 655360 0
0.184506 655360 0
0.211510 655360 0
0.208331 655360 0
0.235042 655360 0
0.198963 655360 0
0.199544 655360 0
0.324369 655360 0
0.204541 655360 0
0.192350 655360 0
0.204147 655360 0
0.209000 655360 0
0.229388 655360 0
0.291438 655360 0
0.230110 655360 0
0.202743 655360 0
0.264735 655360 0
0.186484 655360 0
0.197250 655360 0
0.189105 655360 0
0.201986 655360 0
0.264292 655360 0
0.204463 655360 0
0.193580 655360 0
0.196517 655360 0
0.191670 655360 0
0.255537 655360 0
0.219935 655360 0
0.281230 655360 0
0.300267 655360 0
0.187376 655360 0
0.223714 655360 0
0.202879 655360 0
0.256508 655360 0
0.225123 655360 0
0.368361 655360 0
0.293654 655360 0
0.188671 655360 0
0.283623 655360 0
0.200029 655360 0
0.200433 655360 0
0.260757 655360 0
0.211110 655360 0
0.225972 655360 0
0.202426 655360 0
0.217783 655360 0
0.209039 655360 0
0.259371 655360 0
0.202142 655360 0
0.192419 655360 0
0.219356 655360 0
0.354484 655360 0
0.218947 655360 0
0.312422 655360 0
0.245216 655360 0
0.279372 655360 0
0.197711 655360 0
0.182003 655360 0
0.193292 655360 0
0.194925 655360 0
0.262607 655360 0
0.380961 655360 0
0.209058 655360 0
0.288541 655360 0
0.197943 655360 0
0.312252 655360 0
0.194637 655360 0
0.196516 655360 0
0.257373 655360 0
0.369486 655360 0
0.199995 655360 0
0.251599 655360 0
0.202809 655360 0
0.264097 655360 0
0.265687 655360 0
0.219603 655360 0
0.473121 655360 0
0.194060 655360 0
0.280035 655360 0
0.205509 655360 0
0.229929 655360 0
0.313546 655360 0
0.378076 655360 0
0.223713 655360 0
0.201595 655360 0
0.274004 655360 0
0.185241 655360 0
0.211406 655360 0
0.206318 655360 0
0.271348 655360 0
0.185974 655360 0
0.211671 655360 0
0.304818 655360 0
0.198389 655360 0
0.187960 655360 0
0.190254 655360 0
0.208004 655360 0
0.194601 655360 0
0.201126 655360 0
0.201728 655360 0
0.207648 655360 0
0.259167 655360 0
0.199873 655360 0
0.186772 655360 0
0.234257 655360 0
0.428192 655360 0
0.183839 655360 0
0.196758 655360 0
0.195203 655360 0
0.272162 655360 0
0.215592 655360 0
0.219041 655360 0
0.290917 655360 0
0.232255 655360 0
0.172574 655360 0
0.180437 655360 0
0.275154 655360 0
0.205256 655360 0
0.215492 655360 0
0.195267 655360 0
0.204344 655360 0
0.258742 655360 0
0.217609 655360 0
0.339138 655360 0
0.193333 655360 0
0.254408 655360 0
0.188931 655360 0
0.198485 655360 0
0.185445 655360 0
0.245245 655360 0
0.198485 655360 0
0.190983 655360 0
0.267411 655360 0
0.325236 655360 0
0.248046 655360 0
0.210823 655360 0
0.294056 655360 0
0.214931 655360 0
0.194797 655360 0
0.205686 655360 0
0.402794 655360 0
0.206260 655360 0
0.220387 655360 0
0.187167 655360 0
0.277993 655360 0
0.313268 655360 0
0.225172 655360 0
0.248546 655360 0
0.214678 655360 0
0.215259 655360 0
0.202878 655360 0
0.199316 655360 0
0.280315 655360 0
0.234675 655360 0
0.188027 655360 0
0.220536 655360 0
0.327017 655360 0
0.191520 655360 0
0.196249 655360 0
0.207242 655360 0
0.215138 655360 0
0.267655 655360 0
0.193135 655360 0
0.252830 655360 0
0.419721 655360 0
0.213351 655360 0
0.217349 655360 0
0.200746 655360 0
0.200886 655360 0
0.266115 655360 0
0.255351 655360 0
0.191204 655360 0
0.271883 655360 0
0.374536 655360 0
0.195271 655360 0
0.187830 655360 0
0.261031 655360 0
0.376738 655360 0
0.218481 655360 0
0.340512 655360 0
0.226062 655360 0
0.317506 655360 0
0.182860 655360 0
0.197989 655360 0
0.198928 655360 0
0.241405 655360 0
0.189614 655360 0
0.211164 655360 0
0.203932 655360 0
0.267745 655360 0
0.192037 655360 0
0.206297 655360 0
0.198731 655360 0
0.252651 655360 0
0.184315 655360 0
0.211642 655360 0
0.206282 655360 0
0.264290 655360 0
0.218709 655360 0
0.194922 655360 0
0.203407 655360 0
0.192347 655360 0
0.215816 655360 0
0.221316 655360 0
0.191189 655360 0
0.260063 655360 0
0.181845 655360 0
0.189173 655360 0
0.186249 655360 0
0.255495 655360 0
0.208637 655360 0
0.188407 655360 0
0.242702 655360 0
0.199793 655360 0
0.220872 655360 0
0.193950 655360 0
0.190037 655360 0
0.250631 655360 0
0.179461 655360 0
0.193025 655360 0
0.224081 655360 0
0.197391 655360 0
0.193368 655360 0
0.184309 655360 0
0.175644 655360 0
0.234346 655360 0
0.199957 655360 0
0.197476 655360 0
0.188923 655360 0
0.262563 655360 0
0.191245 655360 0
0.230169 655360 0
0.194497 655360 0
0.192347 655360 0
0.198947 655360 0
0.207214 655360 0
0.278453 655360 0
0.202273 655360 0
0.260630 655360 0
0.216061 655360 0
0.269438 655360 0
0.393844 655360 0
0.211953 655360 0
0.197524 655360 0
0.196631 655360 0
0.264177 655360 0
0.201244 655360 0
0.202093 655360 0
0.207213 655360 0
0.282391 655360 0
0.205851 655360 0
0.197514 655360 0
0.284508 655360 0
0.504352 655360 0
0.229324 655360 0
0.373452 655360 0
0.335596 655360 0
0.289107 655360 0
0.181223 655360 0
0.175328 655360 0
0.172711 655360 0
0.182705 655360 0
0.181682 655360 0
0.204824 655360 0
0.231846 655360 0
0.319898 655360 0
0.302394 655360 0
0.187527 655360 0
0.184284 655360 0
0.251927 655360 0
0.195198 655360 0
0.246307 655360 0
0.199000 655360 0
0.269076 655360 0
0.238033 655360 0
0.209348 655360 0
0.225133 655360 0
0.227722 655360 0
0.188297 655360 0
0.202338 655360 0
0.187613 655360 0
0.206826 655360 0
0.195939 655360 0
0.195443 655360 0
0.199494 655360 0
0.189657 655360 0
0.208563 655360 0
0.257548 655360 0
0.198969 655360 0
0.265190 655360 0
0.254536 655360 0
0.308024 655360 0
0.208403 655360 0
0.267868 655360 0
0.195575 655360 0
0.184130 655360 0
0.213597 655360 0
0.182023 655360 0
0.191196 655360 0
0.194677 655360 0
0.198167 655360 0
0.276573 655360 0
0.197759 655360 0
0.193482 655360 0
0.195329 655360 0
0.195476 655360 0
0.196989 655360 0
0.186358 655360 0
0.197476 655360 0
0.198130 655360 0
0.244091 655360 0
0.240095 655360 0
0.199702 655360 0
0.261017 655360 0
0.189055 655360 0
0.284237 655360 0
0.191027 655360 0
0.258719 655360 0
0.194228 655360 0
0.193175 655360 0
0.207247 655360 0
0.260262 655360 0
0.180843 655360 0
0.192929 655360 0
0.192583 655360 0
0.254298 655360 0
0.197527 655360 0
0.245075 655360 0
0.200199 655360 0
0.271001 655360 0
0.182582 655360 0
0.181988 655360 0
0.194108 655360 0
0.256918 655360 0
0.212290 655360 0
0.223440 655360 0
0.288236 655360 0
0.188248 655360 0
0.189983 655360 0
0.198399 655360 0
0.184261 655360 0
0.253253 655360 0
0.188260 655360 0
0.283949 655360 0
0.205016 655360 0
0.199903 655360 0
0.178330 655360 0
0.197379 655360 0
0.291692 655360 0
0.350593 655360 0
0.221095 655360 0
0.202716 655360 0
0.206852 655360 0
0.266759 655360 0
0.197170 655360 0
0.216869 655360 0
0.198323 655360 0
0.264229 655360 0
0.184475 655360 0
0.286689 655360 0
0.190667 655360 0
0.324387 655360 0
0.197258 655360 0
0.195222 655360 0
0.251349 655360 0
0.270565 655360 0
0.173388 655360 0
0.186941 655360 0
0.194343 655360 0
0.252980 655360 0
0.202009 655360 0
0.201360 655360 0
0.207494 655360 0
0.259933 655360 0
0.192495 655360 0
0.223821 655360 0
0.187326 655360 0
0.250296 655360 0
0.188202 655360 0
0.188921 655360 0
0.193293 655360 0
0.252694 655360 0
0.189379 655360 0
0.339452 655360 0
0.201582 655360 0
0.267062 655360 0
0.208410 655360 0
0.198429 655360 0
0.188661 655360 0
0.187116 655360 0
0.192000 655360 0
0.206692 655360 0
0.200430 655360 0
0.256988 655360 0
0.318604 655360 0
0.360124 655360 0
0.289380 655360 0
0.415936 655360 0
0.201417 655360 0
0.205400 655360 0
0.260063 655360 0
0.338963 655360 0
0.195827 655360 0
0.188531 655360 0
0.190857 655360 0
0.193174 655360 0
0.209015 655360 0
0.195047 655360 0
0.199471 655360 0
0.260992 655360 0
0.204389 655360 0
0.201440 655360 0
0.407747 655360 0
0.287071 655360 0
0.224271 655360 0
0.193065 655360 0
0.486985 655360 0
0.256505 655360 0
0.234222 655360 0
0.262214 655360 0
0.199324 655360 0
0.361142 655360 0
0.298183 655360 0
0.203096 655360 0
0.241324 655360 0
0.298271 655360 0
0.224966 655360 0
0.193392 655360 0
0.188923 655360 0
0.309188 655360 0
0.198461 655360 0
0.188954 655360 0
0.246842 655360 0
0.325489 655360 0
0.220425 655360 0
0.196790 655360 0
0.190344 655360 0
0.218129 655360 0
0.178990 655360 0
0.180843 655360 0
0.193826 655360 0
0.201671 655360 0
0.196874 655360 0
0.199020 655360 0
0.201475 655360 0
0.180404 655360 0
0.179883 655360 0
0.255031 655360 0
0.191306 655360 0
0.252484 655360 0
0.204334 655360 0
0.208005 655360 0
0.199653 655360 0
0.266567 655360 0
0.183599 655360 0
0.192775 655360 0
0.198298 655360 0
0.277311 655360 0
0.198325 655360 0
0.197800 655360 0
0.194611 655360 0
0.262256 655360 0
0.251757 655360 0
0.290308 655360 0
0.207577 655360 0
0.227274 655360 0
0.247529 655360 0
0.250504 655360 0
0.213526 655360 0
0.194264 655360 0
0.233349 655360 0
0.196564 655360 0
0.219635 655360 0
0.268377 655360 0
0.181297 655360 0
0.178385 655360 0
0.177886 655360 0
0.193874 655360 0
0.197732 655360 0
0.208820 655360 0
0.195365 655360 0
0.258060 655360 0
0.198976 655360 0
0.210009 655360 0
0.209498 655360 0
0.269516 655360 0
0.189354 655360 0
0.196806 655360 0
0.193059 655360 0
0.254741 655360 0
0.182438 655360 0
0.191722 655360 0
0.240809 655360 0
0.329717 655360 0
0.197831 655360 0
0.251469 655360 0
0.194096 655360 0
0.204270 655360 0
0.204437 655360 0
0.195807 655360 0
0.191682 655360 0
0.246639 655360 0
0.187943 655360 0
0.193721 655360 0
0.215833 655360 0
0.306150 655360 0
0.201442 655360 0
0.186368 655360 0
0.307718 655360 0
0.201780 655360 0
0.172612 655360 0
0.191199 655360 0
0.252276 655360 0
0.184641 655360 0
0.185815 655360 0
0.188866 655360 0
0.222494 655360 0
0.284169 655360 0
0.190091 655360 0
0.204580 655360 0
0.245891 655360 0
0.575355 655360 0
0.190269 655360 0
0.190058 655360 0
0.204458 655360 0
0.291142 655360 0
0.204000 655360 0
0.203126 655360 0
0.228669 655360 0
0.200035 655360 0
0.209617 655360 0
0.195390 655360 0
0.197172 655360 0
0.278234 655360 0
0.186868 655360 0
0.222987 655360 0
0.198754 655360 0
0.198311 655360 0
0.228302 655360 0
0.237846 655360 0
0.204948 655360 0
0.272655 655360 0
0.289859 655360 0
0.201253 655360 0
0.201282 655360 0
0.265910 655360 0
0.177057 655360 0
0.179806 655360 0
0.208301 655360 0
0.639568 655360 0
0.254179 655360 0
0.192615 655360 0
0.197430 655360 0
0.264734 655360 0
0.198373 655360 0
0.200456 655360 0
0.223689 655360 0
0.302530 655360 0
0.219048 655360 0
0.208171 655360 0
0.202348 655360 0
0.268224 655360 0
0.322225 655360 0
0.349392 655360 0
0.332903 655360 0
0.263323 655360 0
0.202101 655360 0
0.206318 655360 0
0.280014 655360 0
0.307252 655360 0
0.189169 655360 0
0.205427 655360 0
0.193191 655360 0
0.201964 655360 0
0.196356 655360 0
0.197911 655360 0
0.197869 655360 0
0.259080 655360 0
0.212517 655360 0
0.230385 655360 0
0.198728 655360 0
0.212551 655360 0
0.196915 655360 0
0.269407 655360 0
0.194498 655360 0
0.249072 655360 0
0.190636 655360 0
0.261680 655360 0
0.223221 655360 0
0.189536 655360 0
0.261211 655360 0
0.195235 655360 0
0.260464 655360 0
0.183364 655360 0
0.184171 655360 0
0.188987 655360 0
0.214923 655360 0
0.176705 655360 0
0.185618 655360 0
0.189580 655360 0
0.270323 655360 0
0.352473 655360 0
0.187702 655360 0
0.196707 655360 0
0.195185 655360 0
0.256052 655360 0
0.269353 655360 0
0.188645 655360 0
0.291319 655360 0
0.197610 655360 0
0.233631 655360 0
0.255396 655360 0
0.199045 655360 0
0.264114 655360 0
0.255609 655360 0
0.191815 655360 0
0.203362 655360 0
0.209460 655360 0
0.188316 655360 0
0.202644 655360 0
0.186300 655360 0
0.188551 655360 0
0.193735 655360 0
0.189219 655360 0
0.214879 655360 0
0.185420 655360 0
0.196766 655360 0
0.200606 655360 0
0.206132 655360 0
0.259353 655360 0
0.185013 655360 0
0.192289 655360 0
0.259584 655360 0
0.329748 655360 0
0.205838 655360 0
0.189616 655360 0
0.246719 655360 0
0.327056 655360 0
0.259343 655360 0
0.249560 655360 0
0.215952 655360 0
0.264447 655360 0
0.193084 655360 0
0.192358 655360 0
0.185089 655360 0
0.242400 655360 0
0.186162 655360 0
0.183418 655360 0
0.183722 655360 0
0.210387 655360 0
0.229973 655360 0
0.244657 655360 0
0.203696 655360 0
0.186945 655360 0
0.355447 655360 0
0.192866 655360 0
0.200250 655360 0
0.193202 655360 0
0.227455 655360 0
0.227695 655360 0
0.264667 655360 0
0.208453 655360 0
0.207011 655360 0
0.193462 655360 0
0.370598 655360 0
0.485816 655360 0
0.227802 655360 0
0.293879 655360 0
0.240756 655360 0
0.191484 655360 0
0.212079 655360 0
0.215113 655360 0
0.206098 655360 0
0.316258 655360 0
0.284585 655360 0
0.201494 655360 0
0.197520 655360 0
0.261338 655360 0
0.235468 655360 0
0.190077 655360 0
0.191021 655360 0
0.257864 655360 0
0.174589 655360 0
0.186033 655360 0
0.275112 655360 0
0.362632 655360 0
0.231080 655360 0
0.184009 655360 0
0.191078 655360 0
0.259771 655360 0
0.202866 655360 0
0.192247 655360 0
0.250439 655360 0
0.340749 655360 0
0.180952 655360 0
0.207766 655360 0
0.190536 655360 0
0.248414 655360 0
0.204671 655360 0
0.193026 655360 0
0.185486 655360 0
0.182280 655360 0
0.290407 655360 0
0.186976 655360 0
0.199736 655360 0
0.267105 655360 0
0.292501 655360 0
0.212407 655360 0
0.195987 655360 0
0.198518 655360 0
0.256157 655360 0
0.207708 655360 0
0.261629 655360 0
0.210429 655360 0
0.213315 655360 0
0.197668 655360 0
0.234654 655360 0
0.381335 655360 0
0.290187 655360 0
0.216020 655360 0
0.201765 655360 0
0.350613 655360 0
0.268005 655360 0
0.202785 655360 0
0.270196 655360 0
0.182652 655360 0
0.212478 655360 0
0.279862 655360 0
0.202632 655360 0
0.268061 655360 0
0.182066 655360 0
0.201119 655360 0
0.200274 655360 0
0.282974 655360 0
0.214106 655360 0
0.195228 655360 0
0.207107 655360 0
0.271762 655360 0
0.254936 655360 0
0.199498 655360 0
0.205577 655360 0
0.190133 655360 0
0.225099 655360 0
0.207453 655360 0
0.205248 655360 0
0.194642 655360 0
0.168675 655360 0
0.177463 655360 0
0.177891 655360 0
0.241234 655360 0
0.227907 655360 0
0.213421 655360 0
0.206189 655360 0
0.267187 655360 0
0.184051 655360 0
0.190583 655360 0
0.198973 655360 0
0.264569 655360 0
0.190263 655360 0
0.202902 655360 0
0.181506 655360 0
0.275049 655360 0
0.238414 655360 0
0.198680 655360 0
0.211514 655360 0
0.264908 655360 0
0.186984 655360 0
0.192191 655360 0
0.205224 655360 0
0.176588 655360 0
0.197045 655360 0
0.201412 655360 0
0.235915 655360 0
0.268261 655360 0
0.192605 655360 0
0.192038 655360 0
0.178944 655360 0
0.238202 655360 0
0.218973 655360 0
0.198193 655360 0
0.179600 655360 0
0.237846 655360 0
0.294669 655360 0
0.235275 655360 0
0.197249 655360 0
0.226479 655360 0
0.216942 655360 0
0.197465 655360 0
0.197977 655360 0
0.198069 655360 0
0.202041 655360 0
0.208882 655360 0
0.227473 655360 0
0.327010 655360 0
0.255972 655360 0
0.245725 655360 0
0.209544 655360 0
0.275368 655360 0
0.192869 655360 0
0.193266 655360 0
0.183724 655360 0
0.241212 655360 0
0.198731 655360 0
0.188081 655360 0
0.202793 655360 0
0.265466 655360 0
0.205356 655360 0
0.240372 655360 0
0.204207 655360 0
0.266307 655360 0
0.205759 655360 0
0.198043 655360 0
0.263588 655360 0
0.195697 655360 0
0.180731 655360 0
0.180433 655360 0
0.180682 655360 0
0.189076 655360 0
0.187929 655360 0
0.263315 655360 0
0.212442 655360 0
0.262210 655360 0
0.187484 655360 0
0.216161 655360 0
0.233018 655360 0
0.320911 655360 0
0.198134 655360 0
0.192104 655360 0
0.203391 655360 0
0.262176 655360 0
0.212054 655360 0
0.195224 655360 0
0.232755 655360 0
0.309226 655360 0
0.191382 655360 0
0.193149 655360 0
0.254620 655360 0
0.205599 655360 0
0.182954 655360 0
0.197352 655360 0
0.191963 655360 0
0.254530 655360 0
0.178743 655360 0
0.201302 655360 0
0.200021 655360 0
0.260541 655360 0
0.270113 655360 0
0.195314 655360 0
0.188844 655360 0
0.258697 655360 0
0.252541 655360 0
0.192197 655360 0
0.237359 655360 0
0.316972 655360 0
0.194075 655360 0
0.193468 655360 0
0.195110 655360 0
0.264582 655360 0
0.187878 655360 0
0.193839 655360 0
0.209086 655360 0
0.271838 655360 0
0.235748 655360 0
0.216259 655360 0
0.290295 655360 0
0.208037 655360 0
0.226536 655360 0
0.209625 655360 0
0.195181 655360 0
0.260657 655360 0
0.316950 655360 0
0.215059 655360 0
0.197356 655360 0
0.261424 655360 0
0.191322 655360 0
0.187019 655360 0
0.194603 655360 0
0.258152 655360 0
0.181962 655360 0
0.190177 655360 0
0.190504 655360 0
0.288417 655360 0
0.219408 655360 0
0.195105 655360 0
0.193200 655360 0
0.254633 655360 0
0.179765 655360 0
0.177920 655360 0
0.598938 655360 0
0.209327 655360 0
0.238759 655360 0
0.201248 655360 0
0.251673 655360 0
0.354226 655360 0
0.181443 655360 0
0.240999 655360 0
0.196792 655360 0
0.262644 655360 0
0.210583 655360 0
0.196648 655360 0
0.197979 655360 0
0.265092 655360 0
0.204676 655360 0
0.193709 655360 0
0.208750 655360 0
0.291246 655360 0
0.199906 655360 0
0.196480 655360 0
0.195807 655360 0
0.186029 655360 0
0.183565 655360 0
0.188261 655360 0
0.272849 655360 0
0.350524 655360 0
0.185587 655360 0
0.191337 655360 0
0.213182 655360 0
0.187314 655360 0
0.181055 655360 0
0.203226 655360 0
0.191824 655360 0
0.187201 655360 0
