11.743208 9961472 0
2.910429 9961472 0
3.321581 9961472 0
4.103807 9961472 0
2.556210 9961472 0
2.640086 9961472 0
5.267426 9961472 0
3.001023 9961472 0
3.290854 9961472 0
2.585846 9961472 0
2.568845 9961472 0
3.164005 9961472 0
2.565941 9961472 0
2.948245 9961472 0
2.542444 9961472 0
3.445029 9961472 0
2.517603 9961472 0
2.542403 9961472 0
3.045949 9961472 0
2.661886 9961472 0
3.067625 9961472 0
2.643016 9961472 0
2.566409 9961472 0
2.585405 9961472 0
2.829911 9961472 0
2.654149 9961472 0
3.335315 9961472 0
2.676103 9961472 0
3.210819 9961472 0
3.055322 9961472 0
4.346261 9961472 0
2.606725 9961472 0
3.344860 9961472 0
2.526786 9961472 0
2.786258 9961472 0
3.978317 9961472 0
2.741148 9961472 0
12.303880 9961472 0
2.769488 9961472 0
3.095462 9961472 0
