54.269894 11534336 0
16.516629 11534336 0
7.690455 11534336 0
0.779740 11534336 0
8.478206 11534336 0
8.739093 11534336 0
0.263237 11534336 0
0.548524 11534336 0
0.759900 11534336 0
0.741335 11534336 0
0.992347 11534336 0
0.343381 11534336 0
10.493911 11534336 0
9.752711 11534336 0
8.924750 11534336 0
0.850365 11534336 0
0.830710 11534336 0
0.790655 11534336 0
0.959740 11534336 0
8.947160 11534336 0
0.739294 11534336 0
8.446024 11534336 0
1.009289 11534336 0
0.861815 11534336 0
1.158703 11534336 0
8.755256 11534336 0
9.033018 11534336 0
8.465763 11534336 0
0.713544 11534336 0
0.853717 11534336 0
0.417539 11534336 0
0.632836 11534336 0
8.384276 11534336 0
0.396432 11534336 0
8.537673 11534336 0
0.818304 11534336 0
1.048196 11534336 0
9.510035 11534336 0
0.707614 11534336 0
8.637428 11534336 0
