5.862292 10092544 0
5.353093 10092544 0
4.887124 10092544 0
4.291462 10092544 0
4.274329 10092544 0
4.515427 10092544 0
4.288337 10092544 0
4.025253 10092544 0
4.556129 10092544 0
4.438731 10092544 0
4.194464 10092544 0
3.977133 10092544 0
4.436904 10092544 0
4.741046 10092544 0
4.036098 10092544 0
4.963952 10092544 0
5.126925 10092544 0
3.939768 10092544 0
4.894775 10092544 0
4.664304 10092544 0
4.187190 10092544 0
4.383241 10092544 0
4.500708 10092544 0
4.163384 10092544 0
4.284554 10092544 0
4.575803 10092544 0
4.805208 10092544 0
3.909780 10092544 0
4.211904 10092544 0
5.099719 10092544 0
4.227933 10092544 0
4.221113 10092544 0
4.538970 10092544 0
4.996307 10092544 0
3.956928 10092544 0
4.396193 10092544 0
4.383844 10092544 0
5.166347 10092544 0
4.274239 10092544 0
6.316126 10092544 0
