60.377706 11534336 0
1.476716 11534336 0
2.427479 11534336 0
1.686192 11534336 0
9.364888 11534336 0
0.358810 11534336 0
2.311854 11534336 0
1.214788 11534336 0
0.813741 11534336 0
1.180525 11534336 0
8.150894 11534336 0
1.356166 11534336 0
0.386364 11534336 0
8.631169 11534336 0
2.313159 11534336 0
1.479797 11534336 0
1.582932 11534336 0
0.462448 11534336 0
1.800663 11534336 0
1.590366 11534336 0
8.989993 11534336 0
1.408446 11534336 0
1.199999 11534336 0
1.933623 11534336 0
1.163611 11534336 0
1.626360 11534336 0
0.448432 11534336 0
1.345458 11534336 0
2.500836 11534336 0
9.708086 11534336 0
1.372430 11534336 0
0.749576 11534336 0
0.773484 11534336 0
0.671828 11534336 0
1.792887 11534336 0
1.134312 11534336 0
0.402235 11534336 0
1.817163 11534336 0
2.625478 11534336 0
3.198942 11534336 0
