5.916574 10092544 0
5.806859 10092544 0
6.951840 10092544 0
6.201453 10092544 0
5.557688 10092544 0
5.235781 10092544 0
5.575738 10092544 0
7.178830 10092544 0
5.978326 10092544 0
5.799397 10092544 0
5.755341 10092544 0
5.648318 10092544 0
7.128830 10092544 0
5.435131 10092544 0
7.467689 10092544 0
5.199773 10092544 0
5.219306 10092544 0
5.501050 10092544 0
5.896505 10092544 0
5.163154 10092544 0
5.084205 10092544 0
5.752289 10092544 0
5.402293 10092544 0
4.877757 10092544 0
5.124027 10092544 0
5.809018 10092544 0
4.968229 10092544 0
5.197509 10092544 0
9.523012 10092544 0
6.652902 10092544 0
6.628093 10092544 0
5.935369 10092544 0
6.023548 10092544 0
5.321050 10092544 0
5.216510 10092544 0
5.644449 10092544 0
9.992590 10092544 0
5.897034 10092544 0
6.896524 10092544 0
9.027696 10092544 0
