11.859960 9961472 0
4.235026 9961472 0
5.203639 9961472 0
4.076455 9961472 0
4.530677 9961472 0
3.026809 9961472 0
2.998723 9961472 0
3.079692 9961472 0
3.902381 9961472 0
3.394460 9961472 0
3.996236 9961472 0
3.376493 9961472 0
3.222468 9961472 0
9.519134 9961472 0
3.155744 9961472 0
4.410081 9961472 0
2.912129 9961472 0
3.047434 9961472 0
3.860118 9961472 0
3.118256 9961472 0
4.419480 9961472 0
4.226516 9961472 0
3.991416 9961472 0
3.025633 9961472 0
4.022976 9961472 0
4.134858 9961472 0
2.854217 9961472 0
3.836792 9961472 0
12.818527 9961472 0
4.908772 9961472 0
5.035044 9961472 0
3.502395 9961472 0
6.293108 9961472 0
2.824506 9961472 0
4.556527 9961472 0
2.938076 9961472 0
4.203176 9961472 0
3.548830 9961472 0
4.528429 9961472 0
4.402131 9961472 0
